  -4.0000000e+01   2.5479174e+00  -8.5926090e-01   4.2353943e+04
  -8.8180412e+00   2.5569508e+00  -8.9402026e-01   4.4180555e+04
  -8.8917379e+00   2.3972624e+00  -1.0456057e+00   4.1911556e+04
  -7.9881338e+00   2.6565524e+00  -8.1046118e-01   4.7672169e+04
  -7.9447081e+00   2.6426917e+00  -8.5390091e-01   4.7806989e+04
  -1.0220929e+01   2.2749286e+00  -8.9259470e-01   3.7551238e+04
  -7.9775138e+00   2.6086022e+00  -8.4106917e-01   4.6736072e+04
  -8.0744963e+00   2.6280557e+00  -8.3371474e-01   4.6852469e+04
  -7.2193395e+00   2.7461539e+00  -7.9238796e-01   5.1049045e+04
  -1.0710095e+01   2.4675219e+00  -9.7660073e-01   3.7103623e+04
  -1.0956173e+01   3.9631321e+00  -7.4388890e-01   6.1600464e+04
  -2.2969777e+01   3.0061905e+00  -8.2222736e-01   4.7902007e+04
  -8.8689070e+00   2.4526163e+00  -9.6836561e-01   4.2938274e+04
  -8.2798145e+00   2.6367152e+00  -8.4813230e-01   4.6773368e+04
  -9.5556695e+00   1.0000000e+00  -9.9846698e-01   4.0355333e+04
   0.0000000e+00   2.3804182e+00  -1.5000000e+00   4.7445836e+04
  -8.9614278e+00   2.3878249e+00  -1.1056150e+00   4.0634912e+04
  -1.0837267e+01   2.2482347e+00  -7.0043109e-01   4.1690049e+04
  -7.9150631e+00   2.6026673e+00  -8.1374123e-01   4.6583475e+04
  -1.7134090e+01   3.1485443e+00  -1.3147748e+00   3.8169230e+04
  -8.0627603e+00   2.5900772e+00  -8.6863426e-01   4.6661342e+04
  -8.6574806e+00   2.3878170e+00  -9.4220566e-01   4.1056212e+04
  -8.5547912e-01   1.7230002e+00  -9.5881368e-01   5.0535670e+04
  -9.9610484e+00   2.2328250e+00  -1.1163491e+00   3.8448584e+04
   0.0000000e+00   1.0000000e+00  -1.5000000e+00   5.5612536e+04
  -6.1337368e+00   2.4945074e+00  -1.2290356e+00   5.9823439e+04
  -2.2174471e+01   2.4545801e+00  -4.8882508e-01   1.5379899e+04
  -8.4554058e+00   2.5959707e+00  -8.8165451e-01   4.6097954e+04
  -1.1324211e+01   2.5199431e+00  -1.0001106e+00   4.1445370e+04
  -7.9708480e+00   2.5741716e+00  -9.1737990e-01   4.6765356e+04
   0.0000000e+00   1.0000000e+00  -9.9771986e-01   4.4832693e+04
  -9.4721752e+00   2.4005502e+00  -1.0210887e+00   4.1675414e+04
  -8.8791269e+00   2.4379255e+00  -1.0466898e+00   4.3189198e+04
  -8.2071263e+00   2.2836486e+00  -1.1182355e+00   4.4024716e+04
  -8.2535655e+00   2.5927981e+00  -9.0716868e-01   4.6776470e+04
  -8.4861353e+00   1.0000000e+00  -1.5000000e+00   6.5857815e+04
  -8.5299193e+00   2.5131396e+00  -8.5270474e-01   4.4356801e+04
  -6.2420044e+00   3.1384442e+00  -7.3484488e-01   5.0091748e+04
   0.0000000e+00   2.7524335e+00  -1.0638916e+00   7.0000000e+04
  -1.1899255e+01   2.2922033e+00  -9.7583166e-01   3.5524772e+04
  -1.5071192e+01   2.3035570e+00  -9.2327921e-01   3.0134659e+04
  -7.0141376e+00   2.7422774e+00  -8.9049227e-01   5.0954023e+04
  -7.7186667e+00   2.6806472e+00  -7.9888069e-01   4.8737824e+04
  -1.8386245e+01   2.3207899e+00  -9.7950143e-01   3.2618099e+04
   0.0000000e+00   1.7200061e+00  -3.8220273e-01   3.0765658e+04
   0.0000000e+00   1.0000000e+00  -1.2953108e+00   6.6283943e+04
  -5.4774566e+00   3.3288374e+00  -8.2106354e-01   4.3327905e+04
  -8.3339637e+00   2.5714680e+00  -9.2903717e-01   4.6136126e+04
  -1.2551305e+01   1.7498570e+00  -1.4695343e+00   3.5632286e+04
  -9.3377845e+00   2.2746545e+00  -1.1507552e+00   3.9498679e+04
  -8.2946638e+00   2.5923419e+00  -9.6166425e-01   4.2498478e+04
  -8.2742851e+00   2.6250094e+00  -8.3258209e-01   4.6558761e+04
  -7.9456121e+00   2.6796212e+00  -7.1458432e-01   4.7583589e+04
  -4.0000000e+01   5.5000000e+00  -1.0000000e-01   4.7274640e+04
  -1.3686249e+01   2.7262836e+00  -1.0562240e+00   2.5920073e+04
  -8.0564442e+00   2.5954041e+00  -8.8060536e-01   4.6831722e+04
  -1.5828528e+01   2.3254474e+00  -1.1668590e+00   4.7720375e+04
  -8.6501066e+00   2.4741527e+00  -9.2809305e-01   4.3542650e+04
  -7.8550837e+00   2.5901460e+00  -9.1322072e-01   4.7322364e+04
  -8.1089977e+00   2.6158462e+00  -7.8621789e-01   4.6702017e+04
  -8.6984293e+00   2.4488065e+00  -8.8431308e-01   3.9427388e+04
  -9.0183341e+00   2.5343348e+00  -8.3573702e-01   4.3233619e+04
  -1.3003543e+01   2.3513499e+00  -9.4412592e-01   3.4808205e+04
  -7.8788726e+00   1.4527373e+00  -1.0000000e-01   7.0000000e+04
  -9.0605370e+00   2.6028999e+00  -8.1976010e-01   4.5013259e+04
  -8.1372169e+00   2.5153528e+00  -1.0061266e+00   4.7195899e+04
  -8.4934696e+00   2.6497106e+00  -8.0550527e-01   4.5991729e+04
  -7.6982217e+00   2.6873938e+00  -7.9690708e-01   4.8858636e+04
  -8.1496958e+00   2.6883781e+00  -7.6901043e-01   4.7653497e+04
   0.0000000e+00   1.2295811e+00  -1.0188902e+00   3.9556044e+04
  -9.4081053e+00   2.1359964e+00  -1.0047102e+00   4.9604243e+04
  -9.4451878e+00   2.4791521e+00  -1.0555664e+00   4.2794412e+04
  -8.6051316e+00   2.4710067e+00  -9.5411724e-01   4.4387496e+04
  -7.6950268e+00   2.6529402e+00  -7.4418924e-01   4.7964486e+04
  -8.9051940e+00   2.5358924e+00  -1.0176527e+00   4.6563732e+04
  -9.0365766e+00   2.4533998e+00  -9.2637118e-01   4.2120623e+04
  -8.8923299e+00   2.2545809e+00  -8.7041114e-01   4.1648520e+04
  -1.4381307e+01   2.4012456e+00  -7.9416389e-01   3.3516116e+04
  -8.3859089e+00   2.5151439e+00  -1.0904226e+00   4.5815909e+04
  -1.0299647e+01   2.4104584e+00  -1.1111351e+00   4.2518834e+04
  -9.2968005e+00   2.4397716e+00  -1.0429701e+00   4.2567852e+04
  -9.0355229e+00   2.3786580e+00  -9.9963838e-01   4.0944564e+04
  -8.0772617e+00   2.5974080e+00  -8.2358212e-01   4.6346713e+04
  -8.5111664e+00   2.4640882e+00  -1.0050110e+00   4.4286493e+04
  -6.4465527e+00   2.8358337e+00  -7.3422252e-01   5.4797323e+04
  -1.2047101e+01   2.4267457e+00  -8.7724280e-01   3.4845865e+04
  -9.0350065e+00   2.4899361e+00  -8.7634041e-01   4.2886656e+04
  -3.1006413e+00   2.6919325e+00  -5.9927992e-01   5.0491233e+04
  -8.1061446e+00   2.9805575e+00  -8.5911447e-01   4.6692251e+04
  -1.4497530e+01   1.6294766e+00  -1.0944086e+00   1.9699456e+04
  -4.0000000e+01   5.5000000e+00  -1.0000000e-01   4.5007468e+04
  -7.1802358e+00   2.5469301e+00  -8.6740265e-01   4.6710330e+04
  -4.8593345e+00   3.3490007e+00  -5.1443769e-01   2.9626616e+04
  -9.9427137e+00   2.2270282e+00  -1.1308395e+00   3.7267945e+04
  -7.9114444e+00   2.6077100e+00  -8.4917452e-01   4.7213823e+04
  -6.2576746e+00   3.3206829e+00  -1.0000000e-01   3.9187349e+04
  -5.6283152e+00   2.8285558e+00  -6.7909324e-01   3.7480056e+04
  -1.1928182e+01   2.0921372e+00  -1.1687006e+00   3.9727766e+04
  -5.3993274e+00   2.8292759e+00  -9.7196863e-01   5.8833918e+04
  -2.7881866e+01   4.0621614e+00  -7.4878761e-01   0.0000000e+00
  -8.2791379e+00   2.4692269e+00  -9.5639036e-01   4.4646856e+04
  -8.4915355e+00   2.5609550e+00  -9.4239255e-01   4.5236770e+04
  -6.6781866e+00   1.4287433e+00  -5.6656843e-01   5.6484503e+04
  -6.6494206e+00   2.4335226e+00  -1.0233635e+00   4.4825495e+04
  -7.8747111e+00   2.6562014e+00  -8.3474905e-01   4.7435622e+04
  -7.6939810e+00   2.4014825e+00  -8.9902712e-01   4.4631347e+04
  -8.9199872e+00   2.4978706e+00  -9.0775303e-01   4.4740928e+04
  -1.7150948e+01   2.5575905e+00  -1.0055104e+00   5.0082174e+04
  -8.3076911e+00   2.5540023e+00  -8.3617592e-01   4.5498388e+04
  -8.0941234e+00   2.4409871e+00  -9.2051715e-01   4.4340475e+04
  -8.1351371e+00   2.6978544e+00  -7.7089000e-01   4.7492784e+04
  -7.1868951e+00   2.7999109e+00  -1.1504940e+00   5.3260254e+04
  -8.9680217e+00   2.4627343e+00  -9.8305814e-01   4.2892160e+04
  -1.1691784e+01   2.3099742e+00  -8.8042845e-01   3.5466074e+04
  -9.0077882e+00   2.5191416e+00  -9.0851608e-01   4.3105352e+04
  -6.8496184e+00   2.4896993e+00  -8.5114341e-01   4.7124823e+04
  -1.4369465e+01   1.0000000e+00  -8.8760180e-01   2.6123143e+04
  -8.7185541e+00   2.4820649e+00  -8.8690389e-01   4.3274726e+04
  -1.0975216e+01   2.1784324e+00  -1.0825286e+00   3.8047630e+04
  -8.0741628e+00   2.6151939e+00  -8.8694972e-01   4.4716208e+04
  -7.5525539e+00   2.6214163e+00  -8.2635384e-01   4.5820067e+04
  -9.3095257e+00   2.4161329e+00  -1.0207601e+00   4.2509382e+04
  -7.9822563e+00   2.6580878e+00  -7.5925523e-01   4.7407472e+04
  -1.0043567e+01   2.4262493e+00  -1.0107707e+00   4.0082444e+04
  -1.0643832e+01   2.0675103e+00  -1.1207751e+00   3.5937800e+04
  -6.7446451e+00   3.0446621e+00  -8.4710593e-01   5.1874864e+04
  -1.1376029e+01   2.5558057e+00  -8.1998466e-01   3.9067016e+04
  -1.1629348e+01   2.2260242e+00  -9.9424584e-01   3.2614504e+04
  -8.0802594e+00   2.5772923e+00  -8.8617257e-01   4.6496416e+04
  -9.8398829e+00   2.3425664e+00  -1.0897845e+00   4.0228501e+04
  -8.1460921e+00   2.4769603e+00  -1.0004375e+00   4.5249478e+04
  -7.3345091e+00   1.0000000e+00  -1.2841249e+00   4.7806246e+04
  -8.5465937e+00   2.6138331e+00  -8.1536918e-01   4.5739886e+04
  -7.2140201e+00   2.5819495e+00  -8.2045252e-01   4.8112543e+04
  -1.0828091e+01   2.1344740e+00  -1.3905535e+00   3.6209691e+04
  -8.6434578e+00   2.5319348e+00  -8.2677364e-01   4.4356834e+04
  -8.6962765e+00   2.6082350e+00  -8.7458108e-01   4.5511562e+04
  -8.7046258e+00   2.4030368e+00  -1.0531184e+00   4.2095101e+04
  -7.4707189e+00   2.6366906e+00  -8.6756998e-01   4.8834017e+04
  -8.5609950e+00   2.5932530e+00  -9.0103874e-01   4.5201068e+04
  -8.7583680e+00   2.6504404e+00  -7.2349551e-01   4.5320955e+04
  -9.3133288e+00   1.8385243e+00  -1.1320953e+00   4.2188803e+04
  -1.0541032e+01   2.5639990e+00  -8.0196124e-01   4.0902390e+04
  -7.4230881e+00   2.6193423e+00  -9.0111760e-01   4.7297151e+04
  -8.6133462e+00   3.8430373e+00  -3.2889481e-01   2.4865005e+04
  -7.9123650e-01   2.9476185e+00  -7.2750301e-01   5.2962390e+04
  -8.1783962e+00   2.5988678e+00  -8.3601321e-01   4.6339815e+04
  -7.8192056e+00   2.6733606e+00  -7.7471138e-01   4.7548188e+04
   0.0000000e+00   1.0000000e+00  -1.5000000e+00   3.0166116e+04
  -9.1009969e+00   2.4074450e+00  -9.7996370e-01   4.1544493e+04
  -1.2508138e+01   2.1849710e+00  -1.0957424e+00   2.9651633e+04
  -9.4254905e+00   2.4260743e+00  -9.2531745e-01   4.5067136e+04
  -1.0892326e+01   2.0538517e+00  -1.4934236e+00   3.1877440e+04
  -7.1126942e+00   2.6278148e+00  -7.7419410e-01   4.8390592e+04
  -9.4012791e+00   2.2414835e+00  -1.1620125e+00   3.8681536e+04
  -8.5320142e+00   2.5353344e+00  -8.7177125e-01   4.5057832e+04
   0.0000000e+00   1.8598110e+00  -1.5000000e+00   2.2867258e+04
  -9.4021224e+00   2.5051620e+00  -9.0409931e-01   4.2230008e+04
  -8.6697598e+00   2.4969238e+00  -9.8367751e-01   4.4157385e+04
  -8.6249482e+00   2.5354133e+00  -8.4495323e-01   4.3439342e+04
  -7.9250809e+00   2.8667773e+00  -7.2069823e-01   4.3650397e+04
  -3.3873254e+01   5.1766192e+00  -1.0000000e-01   5.6198626e+04
  -8.3643716e+00   2.5131325e+00  -8.3539708e-01   4.3692754e+04
  -1.0703854e+01   2.7075155e+00  -9.2603362e-01   3.1774320e+04
  -7.0380441e+00   2.7988105e+00  -6.9714692e-01   5.2041704e+04
  -8.1576140e+00   2.6024540e+00  -8.6290133e-01   4.6600288e+04
  -9.1046637e+00   2.3987316e+00  -1.0341362e+00   4.1359235e+04
  -8.0617030e+00   2.5862320e+00  -8.6807249e-01   4.6288261e+04
  -8.8989696e+00   2.6802440e+00  -7.4846882e-01   4.5624676e+04
  -8.4731780e+00   2.4204028e+00  -9.5988227e-01   4.2097157e+04
  -9.8071688e+00   2.5388916e+00  -7.5967384e-01   4.6229328e+04
  -8.0637410e+00   2.6412563e+00  -7.7421699e-01   4.8307466e+04
  -8.8306228e+00   2.3900345e+00  -9.5316406e-01   4.1008321e+04
  -3.8682504e+00   2.9010372e+00  -8.6191298e-01   4.6646497e+04
  -1.7357468e+01   2.7727196e+00  -1.5000000e+00   5.4611852e+04
  -8.1922406e+00   2.5986071e+00  -8.4687114e-01   4.6763377e+04
   0.0000000e+00   2.6359041e+00  -1.5000000e+00   4.5906182e+04
  -6.3999316e+00   2.2097278e+00  -1.5000000e+00   5.0153790e+04
  -8.4537660e+00   2.2786322e+00  -9.1439735e-01   4.1181001e+04
  -9.4761948e+00   2.5499596e+00  -1.0466572e+00   4.4207480e+04
  -1.8716833e+01   2.2276867e+00  -9.0982471e-01   3.2641313e+04
  -7.6145263e+00   2.6082734e+00  -9.1159846e-01   4.8297702e+04
  -8.2124739e+00   2.5570778e+00  -9.0874909e-01   4.6065972e+04
  -1.0004275e+01   2.3618812e+00  -1.0469719e+00   3.9085017e+04
  -9.0493637e+00   2.3370304e+00  -1.1480203e+00   4.1717246e+04
  -8.1925091e+00   2.6945186e+00  -1.0865480e+00   4.8591363e+04
  -7.8097316e+00   2.5017631e+00  -9.1456330e-01   4.2466252e+04
  -1.6923719e+01   2.6846988e+00  -7.1179010e-01   4.1714589e+04
  -7.0775533e+00   2.5445570e+00  -1.1524807e+00   4.0217861e+04
  -7.3663397e+00   2.7206109e+00  -7.7765524e-01   5.0331911e+04
  -8.0391613e+00   2.6385339e+00  -8.4288976e-01   4.7502541e+04
  -8.4093735e+00   2.5396052e+00  -8.8115709e-01   4.5283911e+04
  -1.0291214e+01   1.3521444e+00  -1.0689640e+00   4.2118205e+04
  -1.2350348e+01   2.4744465e+00  -1.0512897e+00   3.9694215e+04
  -1.2827202e+01   2.7187316e+00  -7.2397255e-01   4.0826988e+04
  -1.2619591e+01   5.5000000e+00  -1.0000000e-01   4.7301095e+04
  -4.2485322e+00   2.3496500e+00  -9.3203547e-01   5.0703845e+04
  -7.1501326e+00   2.5008121e+00  -8.3838367e-01   5.3564653e+04
  -8.5727523e+00   2.2063483e+00  -1.0728222e+00   3.7401842e+04
  -1.6605062e+01   1.0000000e+00  -1.3061190e+00   3.1246691e+04
