   0.0000000e+00   2.5854715e+00  -8.6496745e-01   4.7057765e+04
  -8.0100675e+00   2.7057711e+00  -7.6120235e-01   4.8205314e+04
  -8.1846859e+00   2.6962287e+00  -7.5093655e-01   4.7683000e+04
  -8.2552146e+00   2.6400487e+00  -8.2132752e-01   4.6759445e+04
  -8.2661921e+00   2.6654433e+00  -7.8320575e-01   4.6968038e+04
  -9.1399130e+00   2.4046234e+00  -9.1592032e-01   4.1510608e+04
  -8.2382650e+00   2.6469926e+00  -8.0416166e-01   4.6823045e+04
  -8.5988123e+00   2.5499454e+00  -8.9167323e-01   4.4916999e+04
  -8.0323068e+00   2.6950837e+00  -7.7451329e-01   4.8011899e+04
  -1.2751105e+01   2.2622869e+00  -1.0627209e+00   3.0710591e+04
  -8.3487886e+00   2.6924165e+00  -8.0367759e-01   4.7299535e+04
  -1.4424124e+01   2.3533342e+00  -7.8926929e-01   4.6105651e+04
  -1.0031477e+01   2.2985914e+00  -8.5426828e-01   3.9511172e+04
  -8.2936984e+00   2.6578632e+00  -7.8489578e-01   4.6773749e+04
  -8.4358814e+00   2.0888254e+00  -8.6157984e-01   4.4637284e+04
  -4.0000000e+01   3.2271001e+00  -1.0000000e-01   3.9320756e+04
  -7.6492224e+00   2.7582905e+00  -6.6454596e-01   4.9665183e+04
  -6.6862514e+00   2.9004864e+00  -6.4836628e-01   5.2543445e+04
  -8.4504538e+00   2.6980506e+00  -7.7825404e-01   4.6767010e+04
  -6.5896693e+00   2.6188197e+00  -6.0840849e-01   4.9375063e+04
  -8.0688937e+00   2.7326998e+00  -7.3483122e-01   4.8345509e+04
  -8.8280395e+00   2.4486212e+00  -9.2572290e-01   4.2638629e+04
  -6.7088894e+00   2.4515076e+00  -8.2194884e-01   4.7652476e+04
  -8.1833312e+00   2.6381826e+00  -8.0817108e-01   4.7089938e+04
  -4.0000000e+01   5.5000000e+00  -1.0000000e-01   4.3591724e+04
  -7.9711061e+00   2.6658940e+00  -1.0587149e+00   5.5655229e+04
  -1.0136631e+01   2.6484937e+00  -7.4413789e-01   3.4283392e+04
  -8.1567922e+00   2.6564859e+00  -7.9079235e-01   4.7045639e+04
  -7.0283129e+00   2.7616917e+00  -6.7530844e-01   5.0097099e+04
  -8.2976890e+00   2.6163606e+00  -8.3409081e-01   4.6260704e+04
  -9.5823869e+00   2.4611677e+00  -9.6464751e-01   4.4249097e+04
  -8.4788607e+00   2.5955045e+00  -8.5489398e-01   4.5683705e+04
  -8.1050980e+00   2.6534605e+00  -8.0311187e-01   4.7214636e+04
  -8.1813825e+00   2.7904246e+00  -6.8096933e-01   4.8258493e+04
  -8.5916898e+00   2.6199562e+00  -8.6895941e-01   4.6310158e+04
  -8.6910632e+00   5.5000000e+00  -1.0000000e-01   5.5762373e+04
  -8.4711179e+00   2.6478658e+00  -7.7652584e-01   4.6157679e+04
  -7.9602033e+00   2.7276828e+00  -7.5508676e-01   4.8037016e+04
  -8.0434601e+00   2.7241570e+00  -5.7448670e-01   4.7149496e+04
  -8.4154725e+00   2.5705645e+00  -8.2009593e-01   4.3761383e+04
  -9.4485684e+00   2.3446647e+00  -9.3897990e-01   3.8087949e+04
  -9.0836028e+00   2.4684166e+00  -9.5179602e-01   4.2388022e+04
  -8.4131985e+00   2.6242522e+00  -8.0836208e-01   4.6020310e+04
  -6.5870638e+00   2.6275670e+00  -8.0520967e-01   4.7951393e+04
  -1.3899412e+01   2.7379651e+00  -1.0267160e+00   4.8128569e+04
  -1.8356471e+01   5.0939789e+00  -8.5659239e-01   4.7048307e+04
  -7.3652267e+00   2.1078488e+00  -6.7809384e-01   4.7430231e+04
  -8.2138651e+00   2.6941456e+00  -7.2818150e-01   4.7250201e+04
  -1.4595153e+01   1.2794889e+00  -1.5000000e+00   2.8969147e+04
  -9.4350322e+00   2.2822117e+00  -1.1222707e+00   3.8975290e+04
  -2.2738198e+01   3.1854053e+00  -1.3455927e+00   3.0176268e+04
  -8.1546605e+00   2.7153881e+00  -7.6077601e-01   4.8013183e+04
  -8.3141389e+00   2.6554965e+00  -7.9702739e-01   4.6758239e+04
   0.0000000e+00   1.0000000e+00  -1.5000000e+00   4.6119426e+04
  -1.2986963e+01   2.1755444e+00  -1.0456572e+00   2.6795339e+04
  -8.2782948e+00   2.6660816e+00  -7.8114476e-01   4.6940452e+04
  -1.0768888e+01   2.4926012e+00  -1.4904692e+00   4.8151236e+04
  -8.1320584e+00   2.6704894e+00  -7.8307161e-01   4.7397742e+04
  -8.2712277e+00   2.6490209e+00  -7.9964179e-01   4.6753878e+04
  -8.2830177e+00   2.6798979e+00  -7.8375926e-01   4.7148395e+04
  -9.8062236e+00   2.3880156e+00  -1.0458281e+00   4.0553230e+04
  -8.9674707e+00   2.5085476e+00  -8.6191860e-01   4.2987425e+04
  -6.7789012e+00   2.7445756e+00  -7.5737911e-01   5.0768532e+04
  -8.4907721e+00   2.8657583e+00  -8.0217169e-01   0.0000000e+00
  -8.3192142e+00   2.6505636e+00  -8.0002067e-01   4.6859808e+04
  -8.4874520e+00   2.5783979e+00  -8.7997518e-01   4.5325250e+04
  -8.0370143e+00   2.6492506e+00  -8.0596284e-01   4.7494923e+04
  -8.2426800e+00   2.6368995e+00  -8.1444952e-01   4.6712204e+04
  -8.1769766e+00   2.6219133e+00  -8.2727375e-01   4.6677400e+04
  -1.2077471e+01   2.3209493e+00  -1.1518999e+00   3.2546803e+04
  -8.2098956e+00   2.6865464e+00  -7.8689707e-01   4.6334899e+04
  -9.0828270e+00   2.3689712e+00  -1.1710378e+00   4.2052800e+04
  -8.0339988e+00   2.7057358e+00  -7.2946137e-01   4.8528530e+04
  -7.8578299e+00   2.6732639e+00  -6.8500386e-01   4.7556131e+04
  -8.4533409e+00   2.6301801e+00  -8.4838528e-01   4.7068329e+04
  -7.9280749e+00   2.7435791e+00  -7.3364533e-01   4.8959248e+04
  -8.2035271e+00   2.7133867e+00  -7.6873030e-01   4.7536699e+04
   0.0000000e+00   2.6768376e+00  -7.7879780e-01   4.7582708e+04
  -8.1360314e+00   2.6901006e+00  -7.2887033e-01   4.7413814e+04
  -8.7977818e+00   2.5910485e+00  -8.7423124e-01   4.5489509e+04
  -8.3364154e+00   2.6469626e+00  -7.9614736e-01   4.6589329e+04
  -9.7614548e+00   2.5420033e+00  -8.8061549e-01   4.4462776e+04
  -8.1060569e+00   2.6643298e+00  -8.0098109e-01   4.7475536e+04
  -8.3005617e+00   2.7110888e+00  -6.9385500e-01   4.7504120e+04
  -8.5291249e+00   2.6144455e+00  -8.1515703e-01   4.5503831e+04
  -7.8847267e+00   2.6107578e+00  -8.5122209e-01   4.7139844e+04
  -8.7269980e+00   2.5483240e+00  -8.4923361e-01   4.4264378e+04
  -7.9900042e+00   2.6683486e+00  -7.8057324e-01   4.7307538e+04
  -8.1722696e+00   1.7787246e+00  -8.5177311e-01   3.3046016e+04
  -4.2796664e+00   3.2690391e+00  -6.1602346e-01   6.4019455e+04
   0.0000000e+00   1.0000000e+00  -1.5000000e+00   4.6983134e+04
  -1.5344302e+01   2.3659671e+00  -1.1916800e+00   3.3763754e+04
  -4.7994902e+00   3.1116091e+00  -8.4253663e-01   1.4763754e+04
  -8.4732887e+00   2.5773112e+00  -8.6489853e-01   4.5382357e+04
  -8.1837097e+00   2.6279539e+00  -8.1670443e-01   4.6707942e+04
  -9.8541328e+00   2.0533773e+00  -1.5000000e+00   4.9060081e+04
  -9.3235618e+00   2.5178054e+00  -8.9750487e-01   4.9007880e+04
  -7.9780861e+00   2.6223149e+00  -8.5777634e-01   4.6141021e+04
  -9.5851183e+00   2.6201580e+00  -6.2510423e-01   4.1492582e+04
   0.0000000e+00   2.6461706e+00  -8.0875766e-01   7.0000000e+04
  -8.2481035e+00   2.6875769e+00  -7.6829973e-01   4.7315481e+04
  -8.3640396e+00   2.6400710e+00  -8.1552288e-01   4.6446495e+04
  -9.4049809e+00   3.6198852e+00  -9.6271769e-01   3.9790622e+04
  -1.1416551e+01   2.5635317e+00  -9.9878761e-01   4.0400072e+04
  -8.5029832e+00   2.6148326e+00  -8.3336367e-01   4.5785020e+04
  -8.0968317e+00   2.5872009e+00  -8.2656396e-01   4.6316105e+04
  -1.0908774e+01   1.9690317e+00  -1.5000000e+00   3.6399908e+04
  -7.0872475e+00   2.7012098e+00  -7.2220400e-01   4.6620677e+04
  -8.2280676e+00   2.6178800e+00  -8.1637735e-01   4.6327371e+04
  -8.0797275e+00   2.6789626e+00  -7.8456504e-01   4.7678722e+04
  -8.3512863e+00   2.5881218e+00  -8.4711834e-01   4.5750490e+04
  -8.3835755e+00   2.5712626e+00  -7.7395179e-01   4.5540085e+04
  -8.2988633e+00   2.6570990e+00  -7.9088578e-01   4.6794615e+04
  -7.3172494e+00   2.8294383e+00  -6.6824215e-01   5.2081933e+04
  -8.3879500e+00   2.6438329e+00  -8.1022021e-01   4.6386755e+04
  -7.9001522e+00   2.5706424e+00  -8.3596379e-01   5.2116722e+04
  -1.0937274e+01   5.5000000e+00  -8.2133316e-01   3.7786241e+04
  -8.1454852e+00   2.6870162e+00  -7.7677235e-01   4.7601329e+04
  -2.0003534e+00   3.8641348e+00  -9.0730194e-01   7.0000000e+04
  -8.0890910e+00   2.7719053e+00  -7.4749039e-01   4.8352257e+04
  -9.5249981e+00   2.5430131e+00  -9.4202412e-01   4.6536198e+04
  -8.9694242e+00   2.5116605e+00  -8.0559900e-01   4.2555439e+04
  -8.3566750e+00   2.6244027e+00  -8.3887194e-01   4.6351360e+04
  -8.2090079e+00   2.6669380e+00  -7.7753739e-01   4.7111824e+04
  -7.6398147e+00   2.8025613e+00  -7.1219732e-01   4.9725738e+04
  -1.4781708e+01   1.6578331e+00  -1.2314688e+00   2.1801962e+04
  -8.2178987e+00   2.2920512e+00  -1.0611239e+00   4.1445882e+04
  -9.4963673e+00   2.4960849e+00  -8.5719316e-01   4.1719912e+04
  -7.7316661e+00   2.6884534e+00  -8.1614987e-01   4.8885650e+04
  -8.1776892e+00   2.6497987e+00  -7.9772544e-01   4.6816486e+04
  -8.2577671e+00   2.6938629e+00  -7.5095642e-01   4.7299787e+04
  -2.8211319e+01   1.0000000e+00  -1.5000000e+00   0.0000000e+00
  -8.2932622e+00   2.6695155e+00  -7.7478350e-01   4.6924179e+04
  -6.7789858e+00   2.6095918e+00  -7.6970573e-01   4.9224226e+04
  -1.0022313e+01   2.2150902e+00  -1.2511997e+00   3.8158112e+04
  -8.7010137e+00   2.5966644e+00  -8.1829522e-01   4.4962681e+04
  -8.1752628e+00   2.6952507e+00  -7.5015106e-01   4.7508218e+04
  -8.2765799e+00   2.7014880e+00  -7.3515508e-01   4.7681405e+04
  -8.3073206e+00   2.6734395e+00  -7.6870129e-01   4.6946747e+04
  -8.2319753e+00   2.6606760e+00  -7.8682432e-01   4.7007126e+04
  -8.6882577e+00   2.6180463e+00  -7.8038674e-01   4.5178062e+04
  -8.2399863e+00   2.7356042e+00  -7.5908417e-01   4.7365050e+04
  -8.4702105e+00   2.6572204e+00  -7.7884175e-01   4.6363030e+04
  -8.6129418e+00   2.6624128e+00  -7.4652287e-01   4.6676194e+04
  -8.7772289e+00   3.8931653e+00  -4.1139721e-01   4.8308726e+04
  -4.9277280e+00   2.7273057e+00  -8.1433813e-01   4.7850720e+04
  -8.5813290e+00   2.5780447e+00  -8.2471903e-01   4.4897817e+04
  -8.2770979e+00   2.6444426e+00  -8.0058159e-01   4.6640760e+04
  -3.4120935e+01   5.2556888e+00  -1.0000000e-01   5.4322178e+04
  -7.9433436e+00   2.6851982e+00  -7.8558736e-01   4.8151678e+04
  -8.5722074e+00   2.6100373e+00  -8.2411013e-01   4.5515738e+04
  -8.9083125e+00   2.4414742e+00  -9.7315685e-01   4.3395279e+04
  -9.5839729e+00   2.4049635e+00  -1.0025651e+00   4.1791504e+04
  -8.8728255e+00   2.4987229e+00  -9.4541689e-01   4.3617878e+04
  -8.2364942e+00   2.6405431e+00  -8.1001833e-01   4.6762215e+04
  -7.9354652e+00   2.7452086e+00  -7.2960781e-01   4.8488907e+04
  -4.0000000e+01   2.8824159e+00  -1.0000000e-01   5.4636636e+04
  -8.3150663e+00   2.6435146e+00  -7.9978158e-01   4.6561634e+04
  -8.1397399e+00   2.6611942e+00  -7.9738902e-01   4.7292747e+04
  -9.2522723e+00   2.5839346e+00  -9.0736735e-01   4.5534562e+04
  -8.5035553e+00   2.5670507e+00  -8.4104972e-01   4.6505532e+04
   0.0000000e+00   1.4910249e+00  -1.5000000e+00   5.8158155e+04
  -8.5017232e+00   2.6048884e+00  -9.3456981e-01   4.6841516e+04
  -1.0676374e+01   2.2134989e+00  -1.0576193e+00   3.5231137e+04
  -8.2999432e+00   2.6573449e+00  -7.8593414e-01   4.6756848e+04
  -8.2349885e+00   2.6853316e+00  -7.5045162e-01   4.7226920e+04
  -8.3447967e+00   2.6361542e+00  -8.0806906e-01   4.6388972e+04
  -7.9084020e+00   2.8671852e+00  -6.0367457e-01   5.0684853e+04
  -8.2073947e+00   2.6795031e+00  -7.7336517e-01   4.7335044e+04
  -9.6170490e+00   2.2530155e+00  -1.3033424e+00   3.9776124e+04
  -8.2959645e+00   2.6563552e+00  -7.8375250e-01   4.7073771e+04
  -8.6347782e+00   2.6078700e+00  -1.0000000e-01   4.5026086e+04
  -8.2394585e+00   2.6903008e+00  -7.5845468e-01   4.7350026e+04
  -8.8992888e+00   2.4138846e+00  -9.7924710e-01   4.3422636e+04
  -1.0765547e+01   2.5172931e+00  -3.8176831e-01   3.9373460e+04
  -9.3143510e+00   2.2786366e+00  -1.0598535e+00   3.8988352e+04
  -9.1017815e+00   2.1257344e+00  -1.0000000e-01   3.4150769e+04
  -7.2306647e+00   2.3760581e+00  -1.0000000e-01   4.8423320e+04
  -8.4144877e+00   2.6433722e+00  -8.1817895e-01   4.5582816e+04
  -8.5359196e+00   2.6022939e+00  -8.5464208e-01   4.5678999e+04
  -9.3837526e+00   2.4662945e+00  -9.9612467e-01   4.2747257e+04
  -7.7470618e+00   2.6398095e+00  -8.6430519e-01   4.8241558e+04
  -8.3502060e+00   2.5522377e+00  -9.0850078e-01   4.5675593e+04
  -8.1655726e+00   2.6770968e+00  -7.6813838e-01   4.7301862e+04
  -6.9768832e+00   1.7890104e+00  -1.4117921e+00   4.8953040e+04
  -1.2824892e+01   2.4275902e+00  -9.7051216e-01   4.3048360e+04
  -1.0194377e+01   2.7892340e+00  -6.6720827e-01   5.3196110e+04
  -3.7041399e+01   2.5610757e+00  -7.6355837e-01   3.7908967e+04
  -6.2596962e+00   2.8801255e+00  -5.2952651e-01   4.8978040e+04
  -8.1865170e+00   2.6688669e+00  -7.8006308e-01   4.7213993e+04
  -8.3499304e+00   2.6489583e+00  -7.8899867e-01   4.6501658e+04
  -8.3257707e+00   2.5097541e+00  -9.2278386e-01   4.4913804e+04
  -1.6307670e+01   1.9878210e+00  -1.1724018e+00   1.4642442e+04
  -7.1703823e+00   2.6966086e+00  -7.3083354e-01   4.8745636e+04
  -8.3314874e+00   2.6648585e+00  -7.7791938e-01   4.6813841e+04
  -2.0629593e+01   1.0000000e+00  -1.5000000e+00   4.8332762e+04
  -9.5751367e+00   2.6725851e+00  -8.0564252e-01   4.4389118e+04
  -6.7319274e+00   2.7229315e+00  -7.9403540e-01   5.5335245e+04
  -1.0871537e+01   1.8076343e+00  -1.4904354e+00   2.8797480e+04
  -8.0410783e+00   2.8759720e+00  -8.5624397e-01   4.6086518e+04
