   0.0000000e+00   2.9509903e+00  -2.4865546e-01   1.4891659e+04
  -8.0942103e+00   2.7319648e+00  -7.7012371e-01   4.8367536e+04
  -7.9868399e+00   2.5332110e+00  -9.4882099e-01   4.5567362e+04
  -8.0003836e+00   2.7094693e+00  -7.3231478e-01   4.8128097e+04
  -7.5684919e+00   2.7609454e+00  -8.1556455e-01   5.0619194e+04
  -9.1697559e+00   2.3786121e+00  -9.2681189e-01   4.1236897e+04
  -8.0995050e+00   2.6424771e+00  -8.3211838e-01   4.7336467e+04
  -8.8109160e+00   2.4753678e+00  -9.6708654e-01   4.3821044e+04
  -7.7376435e+00   2.6893077e+00  -8.0101286e-01   4.8812510e+04
  -1.2776952e+01   2.2543846e+00  -1.0532682e+00   3.1142155e+04
  -1.0926771e+01   3.6406068e+00  -8.9449807e-01   5.6907917e+04
   0.0000000e+00   2.6501141e+00  -7.2851540e-01   4.9327266e+04
  -9.2608162e+00   2.4305152e+00  -7.8787101e-01   4.3004714e+04
  -8.3030813e+00   2.6808143e+00  -8.0157314e-01   4.7177404e+04
  -8.6681231e+00   2.8911917e+00  -9.8036198e-01   4.1660286e+04
  -4.0000000e+01   5.0627991e+00  -1.0000000e-01   5.8795709e+03
  -7.5315497e+00   2.7640849e+00  -6.6043269e-01   5.0074375e+04
  -1.0104332e+01   2.3104573e+00  -1.4311871e+00   3.5247723e+04
  -8.1334453e+00   2.7337358e+00  -7.8625398e-01   4.8458433e+04
  -1.5565444e+01   3.0056069e+00  -1.2621301e+00   3.8863970e+04
  -7.7225490e+00   2.7356233e+00  -7.5984038e-01   4.9410459e+04
  -7.5722711e+00   2.7902340e+00  -7.2547912e-01   5.0569741e+04
  -1.2560066e+00   1.7967352e+00  -9.2008107e-01   5.1223202e+04
  -8.2328308e+00   2.6040331e+00  -8.3500797e-01   4.6780865e+04
  -4.0000000e+01   5.5000000e+00  -1.0000000e-01   3.0004644e+04
  -6.7018831e+00   2.5199942e+00  -1.3667287e+00   6.6782903e+04
  -5.3807102e+00   2.7841794e+00  -8.0270486e-01   3.4156100e+04
  -7.9889584e+00   2.6192569e+00  -8.5379535e-01   4.7195679e+04
  -1.1615999e+01   2.5848956e+00  -9.7060552e-01   4.2447712e+04
  -8.0145745e+00   2.7460014e+00  -7.0176717e-01   4.8689770e+04
  -1.2835905e+01   2.9240777e+00  -8.7698325e-01   4.6653652e+04
  -9.4239956e+00   2.4049320e+00  -1.0281128e+00   4.1652091e+04
  -7.6625964e+00   2.7403131e+00  -7.1175446e-01   4.9168905e+04
  -8.3665005e+00   2.7186625e+00  -7.2057882e-01   4.5532597e+04
  -7.5289502e+00   2.6388521e+00  -8.2356427e-01   4.8288975e+04
  -7.3715405e+00   5.5000000e+00  -1.0000000e-01   4.2282061e+04
  -6.3421193e+00   2.4728060e+00  -9.3310410e-01   4.9653636e+04
  -7.9226158e+00   2.6843424e+00  -8.7975574e-01   4.5855498e+04
  -1.9313336e+01   2.6725327e+00  -7.4651343e-01   1.8440333e+04
  -9.3290246e+00   2.4321082e+00  -8.9775917e-01   3.9735367e+04
  -7.3023606e+00   2.0747535e+00  -1.1008519e+00   3.4844143e+04
  -9.2106959e+00   2.5039587e+00  -8.0938082e-01   4.2838201e+04
  -7.4471740e+00   2.7854426e+00  -7.2629592e-01   5.0804216e+04
  -4.8178192e+00   2.6908535e+00  -7.7896489e-01   5.0795923e+04
  -2.2019100e+01   2.5778120e+00  -7.9138918e-01   4.6205489e+04
  -3.8315059e+01   5.5000000e+00  -9.1160870e-01   5.4278222e+04
  -5.5436309e+00   2.3627337e+00  -8.0427261e-01   4.4257952e+04
  -7.6821109e+00   2.7402090e+00  -6.8673584e-01   4.9276430e+04
  -1.1135046e+01   2.0629473e+00  -1.2129780e+00   4.0235901e+04
  -9.0068297e+00   2.4019440e+00  -1.0120086e+00   4.1454018e+04
  -1.5324964e+01   1.8421409e+00  -7.3601751e-01   4.9002202e+04
  -8.1521549e+00   2.7503638e+00  -7.4819379e-01   4.8581114e+04
  -8.1385898e+00   2.5968023e+00  -9.2924979e-01   4.6971030e+04
   0.0000000e+00   1.0000000e+00  -1.5000000e+00   4.8841420e+04
  -6.1863054e+00   2.0258341e+00  -7.4951540e-01   5.2809613e+04
  -7.8596860e+00   2.7172684e+00  -7.5402255e-01   4.8728622e+04
   0.0000000e+00   2.7036640e+00  -6.3649919e-01   4.9793029e+04
  -8.2321930e+00   2.5903818e+00  -8.4013095e-01   4.6114814e+04
  -7.9056402e+00   2.6258937e+00  -8.6233489e-01   4.7569608e+04
  -8.2058668e+00   2.7233987e+00  -6.8424064e-01   4.8011088e+04
  -1.0058126e+01   2.4073608e+00  -1.1274083e+00   4.3620754e+04
  -8.0879535e+00   2.7306203e+00  -7.3157491e-01   4.8314892e+04
  -6.2717537e+00   2.3103492e+00  -8.7896282e-01   3.8376324e+04
  -1.2917939e+01   2.8992888e+00  -1.5000000e+00   0.0000000e+00
  -5.6049748e+00   2.7520595e+00  -7.6200648e-01   5.3120209e+04
  -9.3097473e+00   2.3772449e+00  -1.0745805e+00   4.0244239e+04
  -7.9047217e+00   2.5558517e+00  -9.0474487e-01   4.6971480e+04
  -8.0190860e+00   2.6569661e+00  -8.0801996e-01   4.7586551e+04
  -8.1276845e+00   2.7683419e+00  -7.0830071e-01   4.8771963e+04
  -2.8284632e+01   1.7771678e+00  -1.0075978e+00   4.0083379e+04
  -9.5026389e+00   2.2582415e+00  -1.0976232e+00   4.1852161e+04
  -6.9713020e+00   2.8101491e+00  -5.7229297e-01   5.1272228e+04
  -8.5132706e+00   2.5110708e+00  -9.5109538e-01   4.4301909e+04
  -8.5382490e+00   2.6397840e+00  -1.0027729e+00   4.7168785e+04
  -8.3197899e+00   2.2077572e+00  -1.2483167e+00   3.7559387e+04
  -8.1897493e+00   2.6353256e+00  -7.9667384e-01   4.6395798e+04
  -8.5613338e+00   2.3133255e+00  -7.9863383e-01   4.3699623e+04
  -2.9615766e+00   2.8291540e+00  -8.4639612e-01   5.8372595e+04
  -8.1104623e+00   2.6010531e+00  -9.6002318e-01   4.7224276e+04
  -1.1006920e+01   2.2055022e+00  -1.3992240e+00   3.9456673e+04
  -8.5271250e+00   2.5510541e+00  -9.4315925e-01   4.5212766e+04
  -5.8380672e+00   2.5035012e+00  -8.8453708e-01   4.3283798e+04
  -8.2520203e+00   2.5621593e+00  -9.1045871e-01   4.6027780e+04
  -8.8491191e+00   2.5480977e+00  -7.3051443e-01   4.5317630e+04
  -8.3662662e+00   2.6022342e+00  -8.4304799e-01   4.6169499e+04
  -1.1183105e+01   2.3299052e+00  -9.9612793e-01   3.5390682e+04
  -8.8002177e+00   2.5895721e+00  -7.9912997e-01   4.4859960e+04
  -1.0953743e+01   2.6280349e+00  -9.2867136e-01   4.5847311e+04
  -7.7995532e+00   1.0000000e+00  -7.7032381e-01   3.0226445e+04
  -7.1280641e+00   2.8139744e+00  -8.2986237e-01   5.0898257e+04
   0.0000000e+00   1.0000000e+00  -1.5000000e+00   4.9494940e+04
  -1.5220347e+01   2.5053651e+00  -1.0964108e+00   3.6493357e+04
  -6.0796922e+00   2.9227790e+00  -8.3480877e-01   3.0877441e+04
  -6.5138052e+00   2.9261634e+00  -6.0788544e-01   5.5038264e+04
  -7.8067550e+00   2.6599138e+00  -7.9642306e-01   4.8095530e+04
  -1.0993110e+01   1.6296098e+00  -1.5000000e+00   4.7128158e+04
  -4.5200874e+00   2.9844275e+00  -5.6502950e-01   3.6193794e+04
  -1.1772047e+01   2.1636098e+00  -1.0970802e+00   4.1236905e+04
  -1.0849019e+01   2.3768550e+00  -7.9836229e-01   3.5010624e+04
  -1.6236132e+01   3.2034309e+00  -8.8096193e-01   7.0000000e+04
  -7.9827797e+00   2.7486671e+00  -7.2373144e-01   4.8671408e+04
  -7.8350276e+00   2.7427611e+00  -7.1304483e-01   4.8504102e+04
  -5.4006591e+00   1.2376943e+00  -4.7796154e-01   6.3057836e+04
  -9.9590758e+00   2.7070940e+00  -8.2657079e-01   4.5807932e+04
  -8.8296396e+00   2.4489857e+00  -1.0377151e+00   4.3647348e+04
  -6.8679835e+00   2.7571153e+00  -7.5927077e-01   5.1805706e+04
  -9.4608807e+00   2.5118374e+00  -8.2314651e-01   4.5141543e+04
  -6.6467170e+00   2.7234815e+00  -7.2550835e-01   4.7980959e+04
  -8.0930861e+00   2.6842796e+00  -7.6956010e-01   4.7931984e+04
  -7.8660560e+00   2.7652746e+00  -7.5163587e-01   4.9512267e+04
  -8.2371350e+00   2.3326376e+00  -1.0927169e+00   4.2980270e+04
  -8.1065224e+00   2.5948119e+00  -8.6376344e-01   4.6871828e+04
  -8.2478665e+00   2.5687127e+00  -8.8417635e-01   4.5897594e+04
  -1.2472162e+01   2.2157314e+00  -9.4431639e-01   3.2148233e+04
  -8.6376520e+00   2.6578281e+00  -8.1675979e-01   4.5873670e+04
  -7.2404571e+00   2.4339137e+00  -8.8424240e-01   6.7871590e+04
  -3.9291773e+00   5.1609994e+00  -9.1574894e-01   6.0202250e+04
  -7.1370608e+00   2.8239022e+00  -7.5639504e-01   5.2365166e+04
  -6.7313517e+00   2.8808755e+00  -6.6760467e-01   5.2543132e+04
  -7.7899752e+00   2.7645688e+00  -7.8756822e-01   4.8431474e+04
  -7.3572150e+00   2.7354359e+00  -7.1546046e-01   4.8432911e+04
  -9.1215655e+00   2.4643897e+00  -9.3724731e-01   4.2963108e+04
  -7.9423058e+00   2.6733195e+00  -8.0340419e-01   4.8040292e+04
  -1.0073753e+01   2.4132615e+00  -1.0372171e+00   3.9536602e+04
  -7.9856223e+00   2.6139689e+00  -8.7888064e-01   4.6714075e+04
  -1.8385163e+01   1.0000000e+00  -1.3709739e+00   8.2614085e+03
  -6.8884936e+00   2.5732251e+00  -8.9052951e-01   4.8661053e+04
  -7.4195758e+00   2.7158630e+00  -6.7307090e-01   5.1111300e+04
  -7.8307760e+00   2.6860017e+00  -8.0734190e-01   4.8549008e+04
  -6.6437089e+00   2.9041426e+00  -5.9202082e-01   5.3541015e+04
  -7.8059575e+00   2.7400916e+00  -7.4154006e-01   4.9201618e+04
  -5.4040752e+00   2.7521731e+00  -1.1276687e+00   5.3947620e+04
  -8.3317696e+00   2.7093122e+00  -7.4426185e-01   4.7560968e+04
  -1.2385916e+01   2.3730914e+00  -1.1709577e+00   3.4928614e+04
  -7.1280230e+00   2.7505397e+00  -6.4935627e-01   4.9823454e+04
  -9.0006499e+00   2.5123890e+00  -1.0750403e+00   4.3524959e+04
  -8.5079105e+00   2.5544059e+00  -8.8592534e-01   4.5060211e+04
  -9.0643639e+00   2.4103624e+00  -1.0085587e+00   4.2620582e+04
  -6.8953623e+00   2.7572596e+00  -7.7182782e-01   5.1811249e+04
  -8.4070971e+00   2.6037893e+00  -8.3935718e-01   4.5771347e+04
  -7.7940286e+00   2.7701317e+00  -6.8926759e-01   4.9484821e+04
  -8.3891214e+00   2.1563891e+00  -9.9592091e-01   4.3144503e+04
  -9.4844066e+00   2.5402799e+00  -9.2212008e-01   4.3166974e+04
  -1.2330401e+01   2.2266345e+00  -1.0620763e+00   3.3896565e+04
  -8.4708431e+00   3.7737940e+00  -4.1948373e-01   3.2984168e+04
  -5.8628213e-01   2.9610135e+00  -7.2016096e-01   5.3191371e+04
  -7.7979849e+00   2.7144478e+00  -7.7514161e-01   4.8950047e+04
  -7.8258856e+00   2.7834794e+00  -7.1135141e-01   5.0089187e+04
  -4.0000000e+01   5.5000000e+00  -1.0000000e-01   5.6867446e+04
  -7.8258247e+00   2.6834892e+00  -7.9281718e-01   4.8402738e+04
  -5.6747527e+00   2.9237137e+00  -6.5120383e-01   5.6932247e+04
  -7.7419011e+00   2.7001659e+00  -7.8538099e-01   4.8269334e+04
  -6.1819202e+00   3.1128780e+00  -2.0034090e-01   6.0569638e+04
  -6.9683451e+00   2.6794437e+00  -7.3382408e-01   4.9457912e+04
  -9.3588892e+00   2.2741348e+00  -1.1273235e+00   3.9189759e+04
  -7.8161903e+00   2.7136977e+00  -7.6332382e-01   4.8497850e+04
  -4.0000000e+01   2.9610305e+00  -1.0000000e-01   5.8842908e+04
  -7.5164461e+00   2.7461000e+00  -7.5638789e-01   5.0082310e+04
  -7.4889730e+00   2.7824461e+00  -6.9847738e-01   5.0474233e+04
  -9.4296272e+00   2.4996632e+00  -9.3891321e-01   4.3097835e+04
  -1.0156559e+01   2.2684408e+00  -1.0135976e+00   3.8862904e+04
  -8.4138805e+00   2.2407254e+00  -1.5000000e+00   5.8003158e+04
  -9.3078197e+00   2.3784746e+00  -1.2480303e+00   4.3392622e+04
  -7.2063712e+00   2.6971436e+00  -7.5844848e-01   5.2132323e+04
  -8.5028667e+00   2.5376269e+00  -9.0232779e-01   4.4777468e+04
  -7.9878895e+00   2.7228519e+00  -7.1097685e-01   4.8314770e+04
  -8.1668050e+00   2.6363792e+00  -8.1860684e-01   4.7045867e+04
  -8.4996815e+00   2.5874113e+00  -8.8888834e-01   4.6544327e+04
  -8.7826325e+00   2.6894918e+00  -7.4352385e-01   4.6032648e+04
  -8.3378410e+00   2.4485742e+00  -1.0132604e+00   4.3376422e+04
  -4.9512359e+00   2.8991193e+00  -6.0919793e-01   5.0662836e+04
  -7.9342052e+00   2.6841201e+00  -7.2869994e-01   4.9432585e+04
  -7.8752272e+00   2.6970179e+00  -8.1310352e-01   4.8965587e+04
  -9.6581268e+00   2.5589323e+00  -7.8818245e-01   4.8125082e+04
  -3.3177858e+00   2.3945239e+00  -1.0000000e-01   6.7928773e+04
  -8.8251991e+00   2.4190176e+00  -9.7129073e-01   4.1412051e+04
  -4.0000000e+01   2.4848477e+00  -1.0000000e-01   4.2850049e+04
  -8.1654980e+00   2.7723620e+00  -2.8587895e-01   4.7989555e+04
  -7.9620746e+00   2.4951901e+00  -8.1141480e-01   4.6302611e+04
  -8.4095280e+00   2.3314491e+00  -8.8069804e-01   4.0408711e+04
  -1.0827435e+01   2.3597530e+00  -1.0771500e+00   4.0313100e+04
  -8.0069377e+00   2.7466231e+00  -6.9651113e-01   4.8567417e+04
  -7.6721248e+00   2.7749248e+00  -6.8140612e-01   4.9641289e+04
  -9.5817620e+00   2.5052779e+00  -9.2836965e-01   4.2081071e+04
  -8.9021835e+00   2.8686238e+00  -6.9959224e-01   4.4568153e+04
  -1.0437279e+01   2.5446748e+00  -9.3245138e-01   4.5308783e+04
  -1.0472955e+01   2.7931159e+00  -6.6581128e-01   5.3982387e+04
  -1.4693228e+01   2.4763752e+00  -8.7795325e-01   3.9770012e+04
  -1.8999746e+01   1.2129669e+00  -1.1568937e+00   5.4579574e+04
  -6.4495743e+00   2.8696801e+00  -6.6022233e-01   5.4535733e+04
  -7.9193635e+00   2.6815375e+00  -8.0979901e-01   4.8329263e+04
  -7.9105614e+00   2.4854918e+00  -9.8414349e-01   4.5548150e+04
  -9.0693100e+00   1.0000000e+00  -8.9441667e-01   4.4548177e+04
  -8.1755443e+00   2.6344109e+00  -8.2394941e-01   4.6991532e+04
  -1.0313262e+01   2.6991481e+00  -7.3740809e-01   4.4517118e+04
  -2.4618475e+01   1.0000000e+00  -1.5000000e+00   5.0081326e+04
  -9.1699839e+00   2.5782069e+00  -8.8582585e-01   4.4039671e+04
  -6.6712557e+00   2.5464398e+00  -8.0853177e-01   5.6521218e+04
  -7.0872388e+00   2.5275576e+00  -7.8453256e-01   4.4636469e+04
  -5.1218603e+00   5.2164047e+00  -6.0497869e-01   5.4272101e+04
