  -4.3865203e+00   1.8365060e+00  -1.2588313e+00   2.7803705e+04
  -1.2724269e+01   2.0919477e+00  -1.0983141e+00   2.6363049e+04
  -1.6318237e+01   2.4832729e+00  -1.2046520e+00   4.2054881e+04
  -1.4616547e+01   2.4995319e+00  -1.1645500e+00   3.5733443e+04
  -1.2177868e+01   2.0911369e+00  -9.3460649e-01   2.7888441e+04
  -9.2104586e+00   2.4434019e+00  -1.2244250e+00   3.5583090e+04
  -1.3091356e+01   2.3195847e+00  -9.1966753e-01   2.5340589e+04
  -1.1843962e+01   2.3145700e+00  -8.4733339e-01   3.0837528e+04
  -1.3265569e+01   2.0128246e+00  -1.0837939e+00   2.6666110e+04
  -1.1234262e+01   1.6032985e+00  -1.1015848e+00   2.3543981e+04
  -1.2762906e+01   4.1810212e+00  -8.3847243e-01   6.0294739e+04
  -4.0000000e+01   2.8883929e+00  -8.9121828e-01   3.7668674e+04
  -1.6297531e+01   1.0519359e+00  -1.0034710e+00   1.5132194e+04
  -1.3039282e+01   2.0502617e+00  -1.0660875e+00   2.5963707e+04
  -2.0292428e+01   3.7699118e+00  -9.1549940e-01   3.5271633e+04
  -7.6602669e+00   1.2997917e+00  -1.1798383e+00   2.9713493e+04
  -9.9484512e+00   2.1343508e+00  -9.1381599e-01   1.4626839e+04
  -1.2797882e+01   2.2253287e+00  -1.1040922e+00   2.2338819e+04
  -2.3032372e+01   5.5000000e+00  -1.2209543e+00   7.0000000e+04
  -4.0000000e+01   5.5000000e+00  -1.5000000e+00   7.0000000e+04
  -1.1275390e+01   2.1679349e+00  -1.2360691e+00   3.3378202e+04
  -2.7025249e+01   1.6415003e+00  -1.3646771e+00   1.7537915e+04
  -2.4208890e+01   3.1868901e+00  -1.0074286e+00   1.5690067e+04
  -1.0433288e+01   2.9589452e+00  -9.9901916e-01   3.0621076e+04
  -1.5101203e+01   2.3305754e+00  -1.0045605e+00   2.4810845e+04
  -1.2448332e+01   4.6704595e+00  -1.0000000e-01   3.2718640e+04
  -4.0000000e+01   2.1072315e+00  -1.0000000e-01   7.0000000e+04
  -1.6447186e+01   2.6167792e+00  -1.2669915e+00   1.8421912e+04
  -1.1942825e+01   1.9072032e+00  -1.0964462e+00   2.3716984e+04
  -1.4925706e+01   1.5315393e+00  -1.1464926e+00   2.7451495e+04
  -4.0000000e+01   5.5000000e+00  -1.0290636e+00   5.6730607e+04
  -1.2992402e+01   2.1506331e+00  -1.1193255e+00   2.2071442e+04
  -3.3821990e+00   1.2948451e+00  -1.0221079e+00   1.5436161e+04
  -8.7600469e+00   1.4370185e+00  -1.0475406e+00   2.7590559e+04
  -1.7126662e+01   2.4743948e+00  -1.0902451e+00   2.8915596e+04
  -7.0156437e+00   5.5000000e+00  -1.0000000e-01   7.0000000e+04
  -4.0000000e+01   5.5000000e+00  -1.0000000e-01   0.0000000e+00
  -1.1233574e+01   2.4763069e+00  -1.0348942e+00   2.9229894e+04
   0.0000000e+00   2.9256871e+00  -1.3467799e+00   0.0000000e+00
  -6.3498160e+00   1.9967971e+00  -9.5866042e-01   2.0923936e+04
  -7.7677825e+00   1.6268043e+00  -1.1503455e+00   1.9521474e+04
  -1.4133524e+01   2.1686488e+00  -1.3622815e+00   2.2578261e+04
  -1.6093908e+01   2.3906532e+00  -1.0888455e+00   2.7348238e+04
  -2.8273978e+01   5.5000000e+00  -1.8180208e-01   7.0000000e+04
  -4.0000000e+01   5.5000000e+00  -1.5000000e+00   7.0000000e+04
  -4.0000000e+01   5.5000000e+00  -1.4780685e+00   7.0000000e+04
  -3.0196945e+01   4.6164584e+00  -1.0000000e-01   2.8125592e+04
  -1.1220073e+01   1.2791194e+00  -9.5963450e-01   2.9244361e+04
  -2.1012196e+01   1.0000000e+00  -1.4814416e+00   3.5943267e+04
  -2.6040115e+01   1.9468908e+00  -1.2150671e+00   3.7648079e+04
  -1.9259285e+01   1.3519161e+00  -9.0456958e-01   7.0000000e+04
  -1.3495166e+01   2.2221420e+00  -1.0047212e+00   3.0395314e+04
  -1.3974252e+01   1.6256506e+00  -1.1540316e+00   2.8980696e+04
  -4.0000000e+01   5.5000000e+00  -1.0000000e-01   7.0000000e+04
  -1.6677013e+01   1.1122869e+00  -1.3147937e+00   2.0268816e+04
  -8.8620506e+00   1.6489430e+00  -1.0468737e+00   2.8374609e+04
  -4.0000000e+01   4.3455100e+00  -3.9629176e-01   4.0885573e+04
  -1.2776485e+01   2.0308436e+00  -1.1287276e+00   2.7096641e+04
  -1.3282828e+01   2.0519180e+00  -1.0648340e+00   2.6312695e+04
  -4.0000000e+01   5.5000000e+00  -9.3968982e-01   4.7241911e+03
  -1.3753856e+01   1.9660041e+00  -1.0701864e+00   2.8150998e+04
  -1.2994636e+01   2.1616647e+00  -1.0522149e+00   2.9098451e+04
  -6.5465198e+00   1.6989842e+00  -1.1937165e+00   2.4980351e+04
  -1.1941358e+01   1.6954627e+00  -1.2961415e+00   2.0448283e+04
  -1.4594707e+01   2.1099672e+00  -1.0304449e+00   2.5991699e+04
  -1.3157523e+01   3.8219111e+00  -1.0342939e+00   2.4078807e+04
  -1.2948245e+01   2.0488890e+00  -1.0273503e+00   2.6967467e+04
  -1.7143132e+01   4.9374493e+00  -1.3989571e+00   5.4181004e+04
  -1.4163724e+01   2.0688391e+00  -1.0785580e+00   2.5712296e+04
  -4.0000000e+01   5.5000000e+00  -1.0293222e+00   3.3138451e+04
  -1.0042421e+01   3.2438584e+00  -7.5995885e-01   1.6037042e+04
  -1.0767316e+01   1.7500882e+00  -1.0652919e+00   2.3889968e+04
  -2.0319357e+01   5.5000000e+00  -1.2634705e+00   3.6783828e+04
  -1.4000492e+01   1.3505927e+00  -1.0346589e+00   1.0446381e+04
  -9.6523878e+00   1.9871018e+00  -1.0154294e+00   2.2885450e+04
  -3.3919962e+00   2.6599803e+00  -1.1608160e+00   3.5148321e+04
  -1.2204420e+01   1.5052832e+00  -1.0800964e+00   2.4154398e+04
  -8.6239847e+00   1.6193526e+00  -5.8709926e-01   1.8506333e+04
  -1.7786071e+01   2.5052590e+00  -9.2146704e-01   3.2285285e+04
  -1.2953706e+01   3.9617520e+00  -1.0795238e+00   2.5711009e+04
  -2.4383351e+01   1.9778889e+00  -1.1096416e+00   3.3804675e+04
  -4.5862387e+00   2.2061032e+00  -1.1728325e+00   2.4429677e+04
  -1.4731708e+01   2.1558295e+00  -1.0913422e+00   3.0320660e+04
  -1.1296135e+01   2.1775831e+00  -1.1668371e+00   2.1568653e+04
  -9.1350598e+00   1.5043294e+00  -1.3528974e+00   1.2844173e+04
  -1.3490451e+01   2.5544390e+00  -9.3483342e-01   3.6299792e+04
  -1.4856473e+01   1.6922775e+00  -1.1334223e+00   2.6698901e+04
  -1.3983407e+01   4.1795659e+00  -1.0715499e+00   2.5194547e+04
  -5.8761395e+00   2.7190794e+00  -8.9836855e-01   3.0640888e+04
  -1.2644792e+01   1.9393269e+00  -1.0728465e+00   2.7106596e+04
  -4.0000000e+01   5.5000000e+00  -1.0000000e-01   6.4323412e+04
  -3.4791413e+01   3.2043317e+00  -1.1969156e+00   3.5849980e+04
  -6.8488758e+00   2.9553424e+00  -8.6134340e-01   1.2211091e+04
  -1.7577704e+01   3.0550325e+00  -1.1160632e+00   2.0646832e+04
  -1.0791779e+01   1.8644176e+00  -9.9512260e-01   2.4598381e+04
  -7.2463128e+00   3.9172121e+00  -7.2482123e-01   1.2625392e+04
  -6.9953242e+00   2.5594294e+00  -8.4891689e-01   2.0789673e+04
  -9.7281240e+00   2.2155273e+00  -1.2860441e+00   1.8386958e+04
  -1.2858668e+01   2.0331495e+00  -1.0707812e+00   2.5877946e+04
  -4.0000000e+01   5.5000000e+00  -9.7864502e-01   1.6460301e+04
  -1.4169650e+01   2.0419671e+00  -1.1534678e+00   2.1803012e+04
  -1.1016590e+01   2.6891218e+00  -8.4872848e-01   3.5158716e+04
  -1.3748156e+01   5.1514049e+00  -1.3706741e+00   1.5102913e+04
  -2.1052529e+01   2.5235374e+00  -1.0259061e+00   3.4811855e+04
  -2.6634000e+01   2.2747520e+00  -9.6103085e-01   4.8326423e+04
  -1.0735975e+01   1.2944376e+00  -1.4306378e+00   1.9853321e+04
  -1.3927104e+01   1.9565832e+00  -7.9265094e-01   3.9194139e+04
  -9.5795215e+00   1.9386719e+00  -1.0930249e+00   1.9852720e+04
  -3.0108608e+00   3.1744177e+00  -4.0081220e-01   3.3068958e+04
  -1.3151035e+01   2.0481951e+00  -1.0698942e+00   2.5860804e+04
  -1.1125913e+01   2.0134381e+00  -1.1733297e+00   1.5660549e+04
  -1.3036597e+01   2.2714138e+00  -1.2627670e+00   1.9753489e+04
  -1.3098126e+01   2.0552743e+00  -1.0615592e+00   2.6270613e+04
  -6.6575162e+00   1.9321070e+00  -1.1171328e+00   1.9857533e+04
  -1.0872893e+01   2.0136540e+00  -1.0615618e+00   3.0131969e+04
  -1.3169291e+01   2.0929618e+00  -1.0931514e+00   2.4344406e+04
  -1.2523349e+01   1.0000000e+00  -1.0036945e+00   3.1097691e+04
  -1.2955105e+01   1.8996669e+00  -1.1555484e+00   2.8976069e+04
  -1.2874370e+01   2.1334645e+00  -1.0567572e+00   2.6326534e+04
  -1.7930314e+01   2.8436715e+00  -1.3839275e+00   2.4671885e+04
  -1.0209824e+01   1.9784185e+00  -1.1678183e+00   2.0117245e+04
  -1.9648617e+01   2.1704105e+00  -9.0561169e-01   3.5506707e+04
  -1.3566341e+01   1.8110261e+00  -9.6991174e-01   2.7698109e+04
  -2.3571225e+01   2.3936773e+00  -5.8313575e-01   3.7499444e+04
  -1.5131498e+01   1.4000881e+00  -7.5907856e-01   4.5356040e+04
  -1.4830695e+01   1.1527119e+00  -1.4110185e+00   2.4217727e+04
  -2.7161335e+01   2.7644750e+00  -5.1353165e-01   1.0472790e+04
  -1.2247057e+01   2.3243975e+00  -1.3157346e+00   2.5518206e+04
  -1.3400264e+01   1.8654813e+00  -1.2412329e+00   2.3940489e+04
  -1.8610725e+01   1.9029665e+00  -1.1287186e+00   3.6500177e+04
  -1.3847424e+01   2.2437065e+00  -1.2152761e+00   2.1571487e+04
  -1.1264117e+01   2.6229162e+00  -8.6935339e-01   3.1747591e+04
  -1.7073486e+01   1.6814986e+00  -6.7051543e-01   1.9926326e+04
  -3.7784930e+01   5.4869280e+00  -1.3527110e+00   2.4566090e+04
  -2.2300353e+01   1.8433244e+00  -6.0888655e-01   2.9560339e+04
  -1.3633784e+01   1.3941996e+00  -1.1215976e+00   1.9641887e+04
  -1.3379052e+01   2.0780212e+00  -1.0753123e+00   2.5860655e+04
  -4.6848699e+00   2.7793869e+00  -1.0202456e+00   3.5887176e+04
  -1.0490668e+01   1.3327849e+00  -1.2209508e+00   1.7185661e+04
  -1.0744584e+01   1.0000000e+00  -1.2880901e+00   3.0934818e+04
  -1.7020831e+01   2.0015228e+00  -1.2272278e+00   1.6752782e+04
  -3.2890725e+01   5.5000000e+00  -4.2263977e-01   5.9427028e+04
  -1.0667461e+01   1.5226171e+00  -1.0212923e+00   1.7691529e+04
  -1.6628008e+01   1.6166235e+00  -1.1160133e+00   2.1812996e+04
  -9.3032090e+00   3.8645931e+00  -1.0000000e-01   7.0000000e+04
  -4.0000000e+01   1.0000000e+00  -1.5000000e+00   2.3238862e+04
  -1.1482825e+01   1.7853449e+00  -1.0865038e+00   2.4686985e+04
  -1.2206446e+01   2.0787889e+00  -1.0655820e+00   2.4187968e+04
  -1.4942975e+01   2.4115075e+00  -9.7697436e-01   3.0018985e+04
  -1.0646493e+01   1.2234995e+00  -1.1977966e+00   3.2672873e+04
  -1.2144160e+01   1.3066595e+00  -1.2656204e+00   2.3213615e+04
  -4.0000000e+01   3.9048357e+00  -8.8070286e-01   7.0000000e+04
  -1.2875492e+01   2.0433160e+00  -1.0863880e+00   2.5288167e+04
  -1.4696904e+01   2.5149795e+00  -1.2926147e+00   3.6111763e+04
  -1.5522087e+01   2.3838532e+00  -1.3046901e+00   3.0961847e+04
  -1.2957777e+01   2.0684690e+00  -1.0533669e+00   2.5644180e+04
  -1.5420878e+01   1.8267359e+00  -1.0163546e+00   2.3225647e+04
  -1.5267165e+01   2.3443100e+00  -1.0255865e+00   2.7899278e+04
  -2.8254751e+01   4.6420888e+00  -1.4546969e+00   3.2743096e+04
  -1.3186248e+01   2.0484385e+00  -1.0701580e+00   2.6063651e+04
  -1.1101718e+01   2.6078247e+00  -8.4097131e-01   2.6301732e+04
  -3.8845029e+01   3.8460852e+00  -3.3595848e-01   6.3698694e+04
  -2.5753839e+01   2.3740687e+00  -8.4453357e-01   2.8043711e+04
  -9.1712564e+00   1.8689426e+00  -1.1487200e+00   4.3140488e+04
  -1.2959240e+01   2.0512608e+00  -1.0661603e+00   2.6106548e+04
  -1.4766146e+01   3.8448316e+00  -1.0000000e-01   4.0395271e+04
  -1.2402976e+01   2.0053619e+00  -9.7806598e-01   2.9613222e+04
  -3.9072782e+00   2.5622914e+00  -4.7924079e-01   1.9468207e+04
  -1.3932406e+01   2.1446703e+00  -1.0344950e+00   2.7497185e+04
  -4.5602729e+00   1.7166837e+00  -6.7417807e-01   2.0609359e+04
  -1.2643009e+01   2.0550787e+00  -1.0743830e+00   2.5154223e+04
  -1.1419107e+01   2.0999427e+00  -1.0237608e+00   1.8353260e+04
  -1.5678773e+01   1.9515202e+00  -1.0365786e+00   2.6760820e+04
  -7.1176222e+00   3.1972187e+00  -1.2351694e+00   1.7423661e+04
  -4.8707146e+00   2.1568227e+00  -8.6580647e-01   3.3268780e+04
  -7.5388102e+00   1.5845559e+00  -1.1883592e+00   4.7819294e+04
  -6.6497088e+00   2.0667096e+00  -1.1777173e+00   2.4190794e+04
  -1.6400590e+00   1.9012117e+00  -6.6118163e-01   6.7641482e+04
  -1.0389421e+01   3.8755826e+00  -4.9599895e-01   4.3896339e+04
  -1.1152906e+01   1.3265454e+00  -1.0531142e+00   1.4243594e+04
  -1.8793506e+01   2.0597463e+00  -1.5000000e+00   3.5951291e+04
  -1.3220337e+01   2.0473401e+00  -1.0644200e+00   2.5667118e+04
  -1.6202312e+01   2.4438137e+00  -8.9215216e-01   3.4383016e+04
  -2.1913041e+01   3.0418818e+00  -9.5999067e-01   4.3257410e+04
  -1.5405122e+01   2.2007739e+00  -1.0977406e+00   1.6889507e+04
  -1.9921925e+01   2.0747873e+00  -4.6032075e-01   3.5560200e+04
  -1.1193221e+01   1.9238655e+00  -1.2332294e+00   1.9376845e+04
  -5.7360479e+00   1.8177621e+00  -1.3233442e+00   2.6303631e+04
  -9.7533565e+00   2.3213769e+00  -1.0021649e+00   2.5453029e+04
  -2.0176937e+01   1.9493443e+00  -9.3744525e-01   1.3754102e+04
  -1.2053235e+01   1.9584775e+00  -1.1695145e+00   2.3966496e+04
  -2.7435377e+01   5.5000000e+00  -1.0000000e-01   4.0018246e+02
  -7.8093743e+00   1.6635136e+00  -9.9078314e-01   2.5864471e+04
  -2.3029749e+01   3.0229443e+00  -1.1023377e+00   4.0535517e+04
  -2.3878632e+01   2.6631301e+00  -6.5792845e-01   2.2990462e+04
  -3.2956575e+01   5.5000000e+00  -1.0000000e-01   6.6694930e+04
  -1.7314366e+01   2.8818263e+00  -9.7231789e-01   3.5141816e+04
  -1.6316112e+01   2.7722545e+00  -5.3853353e-01   1.0920683e+04
  -3.2031315e+01   5.5000000e+00  -5.8577566e-01   7.0000000e+04
  -8.8489061e+00   2.7328530e+00  -1.0737597e+00   3.5041177e+04
