  -4.0000000e+01   2.4308377e+00  -1.1678328e+00   6.4558881e+04
  -8.6581294e+00   2.4978144e+00  -9.1993059e-01   4.3829502e+04
  -8.5330405e+00   2.6151001e+00  -8.2334024e-01   4.6100995e+04
  -8.0317488e+00   2.6564613e+00  -8.0800748e-01   4.7545266e+04
  -8.0459966e+00   2.6114187e+00  -8.6342072e-01   4.7054890e+04
  -6.8768064e+00   2.7057915e+00  -9.1933941e-01   5.0631834e+04
  -8.1164847e+00   2.6623403e+00  -8.1853053e-01   4.7685757e+04
  -8.1640970e+00   2.6074403e+00  -8.4776790e-01   4.6095408e+04
  -8.2851949e+00   2.5932844e+00  -8.4649115e-01   4.6047408e+04
  -5.5002089e+00   2.8165231e+00  -7.4915308e-01   5.5194807e+04
  -8.8083645e+00   2.8601047e+00  -8.6457634e-01   4.9186947e+04
  -3.4265219e+01   2.6552496e+00  -8.5943516e-01   4.6449772e+04
  -7.2722170e+00   2.7850801e+00  -8.4867536e-01   5.0094543e+04
  -7.8511374e+00   2.6405257e+00  -8.1438504e-01   4.7804248e+04
  -7.2790522e+00   2.7076490e+00  -8.1981116e-01   4.8317597e+04
   0.0000000e+00   3.3418539e+00  -1.5000000e+00   3.7070702e+04
  -7.2763730e+00   2.8456347e+00  -5.7812571e-01   5.2255995e+04
  -7.2213082e+00   2.7728063e+00  -7.6847055e-01   4.9970672e+04
  -7.8048888e+00   2.5631755e+00  -8.5407969e-01   4.7290516e+04
  -1.2349166e+01   2.8266153e+00  -1.0877160e+00   4.2096270e+04
  -8.3280901e+00   2.5495886e+00  -8.8281794e-01   4.5384249e+04
  -8.0924620e+00   2.6596229e+00  -8.2200802e-01   4.7973816e+04
  -1.8419601e+00   1.8806186e+00  -8.9719987e-01   5.1278674e+04
  -7.1483421e+00   2.8493007e+00  -6.7216820e-01   5.1614813e+04
   0.0000000e+00   1.0000000e+00  -1.5000000e+00   4.0835115e+04
  -7.6990717e+00   2.6483587e+00  -6.6566448e-01   4.1058849e+04
  -1.6208568e+01   2.4942589e+00  -6.5638891e-01   3.8859878e+04
  -7.8016793e+00   2.6340092e+00  -8.3605502e-01   4.7700039e+04
  -7.7839682e+00   2.5747981e+00  -8.6414092e-01   4.6296407e+04
  -7.9904599e+00   2.4716518e+00  -1.0368227e+00   4.5438770e+04
  -6.2728206e+00   1.8833922e+00  -1.1178417e+00   4.1064048e+04
  -9.0364147e+00   2.4604526e+00  -1.0277705e+00   4.2284406e+04
  -8.4262446e+00   2.5538856e+00  -9.2078968e-01   4.5524690e+04
  -8.1808277e+00   2.4178312e+00  -1.0035763e+00   4.5131291e+04
  -8.5571423e+00   2.5814352e+00  -9.3058786e-01   4.6194430e+04
  -9.1995481e+00   1.0000000e+00  -1.5000000e+00   7.0000000e+04
  -9.3286283e+00   2.5558714e+00  -8.1175549e-01   4.2787304e+04
  -9.1604928e+00   2.3523258e+00  -9.9819908e-01   4.2412336e+04
   0.0000000e+00   2.5620612e+00  -1.0771461e+00   7.0000000e+04
  -9.0446729e+00   2.5101245e+00  -8.6877904e-01   4.2524768e+04
  -8.5257687e+00   2.4479840e+00  -9.1550363e-01   4.2119563e+04
  -9.8122385e+00   2.3318628e+00  -1.0296109e+00   3.8890168e+04
  -8.4578060e+00   2.5463474e+00  -8.8001604e-01   4.4969838e+04
  -2.6364423e+01   2.1638514e+00  -1.0766853e+00   2.3155185e+04
  -1.3472319e+01   3.0659135e+00  -1.0860814e+00   5.4684131e+04
   0.0000000e+00   1.0000000e+00  -8.3206032e-01   4.5608452e+04
  -5.9262346e+00   1.6410024e+00  -6.5964758e-01   4.6813009e+04
  -8.1577164e+00   2.6184844e+00  -8.6213655e-01   4.6961979e+04
  -1.0458894e+01   2.1189317e+00  -1.2550327e+00   3.9960983e+04
  -8.8989348e+00   2.4331377e+00  -9.8411217e-01   4.2115968e+04
  -6.4952432e+00   2.7728942e+00  -1.1046625e+00   3.7697311e+04
  -8.0292060e+00   2.7059824e+00  -7.7580987e-01   4.8245026e+04
  -8.1463078e+00   2.6081441e+00  -8.9474854e-01   4.6936741e+04
  -4.0000000e+01   5.5000000e+00  -1.0000000e-01   4.7795938e+04
  -1.6552034e+01   2.1968786e+00  -1.2239892e+00   1.2837569e+04
  -8.0442957e+00   2.6491632e+00  -8.1436870e-01   4.7423740e+04
  -4.0000000e+01   2.1463403e+00  -1.5000000e+00   4.4543794e+04
  -7.9168327e+00   2.6830271e+00  -7.8235618e-01   4.8163862e+04
  -7.9738050e+00   2.6535518e+00  -8.1874957e-01   4.7678159e+04
  -7.9321670e+00   2.6492093e+00  -8.5365168e-01   4.7733954e+04
  -9.3537434e+00   2.3648359e+00  -9.8353913e-01   3.8134454e+04
  -9.0001610e+00   2.4180340e+00  -9.4834957e-01   4.1828233e+04
  -1.3540374e+01   2.2637295e+00  -1.0056550e+00   3.2361185e+04
  -1.5218257e+01   3.1542793e+00  -1.7927936e-01   7.0000000e+04
  -8.6972763e+00   2.6276151e+00  -8.1930688e-01   4.5994380e+04
  -8.2377878e+00   2.5983402e+00  -8.7711600e-01   4.6445957e+04
  -7.8314246e+00   2.6661554e+00  -8.0311003e-01   4.8278851e+04
  -8.1507688e+00   2.6444786e+00  -8.1258069e-01   4.7064488e+04
  -8.1051921e+00   2.6789296e+00  -7.8131217e-01   4.7647314e+04
  -1.7598977e+01   2.4912763e+00  -1.0837797e+00   3.6061258e+04
  -7.2830447e+00   2.9153835e+00  -6.9489594e-01   4.7400085e+04
  -9.2354874e+00   2.3268846e+00  -1.2288614e+00   4.1297128e+04
  -8.4503147e+00   2.5349693e+00  -9.4254311e-01   4.4434651e+04
  -7.7404274e+00   2.6472417e+00  -7.5906037e-01   4.7852553e+04
  -8.4437837e+00   2.1863422e+00  -1.2766680e+00   3.7229562e+04
  -8.1560229e+00   2.6200663e+00  -8.4765911e-01   4.7059148e+04
  -8.2731109e+00   2.6619120e+00  -8.8878240e-01   4.6118939e+04
  -2.5184531e+01   1.9077074e+00  -9.2611879e-01   7.8576927e+03
  -7.8903640e+00   2.7018171e+00  -7.2842257e-01   4.8226706e+04
  -1.0138400e+01   2.2654710e+00  -1.3062342e+00   4.0739420e+04
  -7.7547293e+00   2.6918964e+00  -7.8076147e-01   4.8431308e+04
  -9.1851700e+00   2.3988455e+00  -9.8811376e-01   4.1478516e+04
  -8.0496678e+00   2.6592441e+00  -8.2558214e-01   4.7730960e+04
  -7.9490253e+00   2.6880848e+00  -7.7304968e-01   4.8112115e+04
  -8.6736993e+00   2.5821013e+00  -8.3923924e-01   4.4589514e+04
  -8.6471606e+00   2.5156465e+00  -9.1523167e-01   4.4022437e+04
  -8.4875265e+00   2.5223191e+00  -8.9746817e-01   4.4486722e+04
  -8.5753713e+00   2.3749982e+00  -4.4140367e-01   4.2772273e+04
  -8.1610603e+00   3.3106470e+00  -8.7397767e-01   3.5893574e+04
  -1.3805680e+01   1.7556518e+00  -1.1244288e+00   2.2071071e+04
  -4.0000000e+01   5.5000000e+00  -1.0000000e-01   4.3084607e+04
  -7.6146086e+00   2.5789565e+00  -8.5542741e-01   4.6689435e+04
  -6.4953413e+00   2.8393310e+00  -8.6952088e-01   3.1964795e+04
  -8.2198993e+00   2.6113183e+00  -8.4490467e-01   4.6508128e+04
  -7.9946271e+00   2.6781337e+00  -7.8738148e-01   4.7904044e+04
  -1.0898524e+01   1.6454450e+00  -1.0000000e-01   4.9422767e+04
  -1.3665815e+01   1.9197193e+00  -1.3619714e+00   5.6842158e+04
  -1.0295557e+01   2.2180113e+00  -1.1635245e+00   4.0531594e+04
  -9.1961594e+00   2.5555704e+00  -7.7813273e-01   4.2434202e+04
  -1.9701054e+01   3.4414083e+00  -1.0072113e+00   0.0000000e+00
  -8.0177770e+00   2.7245210e+00  -7.4368092e-01   4.8303355e+04
  -8.4864996e+00   2.5387017e+00  -9.6146394e-01   4.5260800e+04
  -8.2356253e+00   2.2039267e+00  -7.5292024e-01   4.7416373e+04
  -1.0002394e+01   2.6547665e+00  -8.6215714e-01   4.4646983e+04
  -7.9493131e+00   2.6903864e+00  -7.6048731e-01   4.8275537e+04
  -8.5137681e+00   2.3482419e+00  -9.2706828e-01   4.1890825e+04
  -9.2934439e+00   2.5566442e+00  -7.8453496e-01   4.5964350e+04
  -9.6563650e+00   2.6052510e+00  -8.7814860e-01   4.7528328e+04
  -8.1933864e+00   2.5814624e+00  -8.3635179e-01   4.6106996e+04
  -8.0090878e+00   2.6478726e+00  -8.1276003e-01   4.7483842e+04
  -7.9144496e+00   2.7249816e+00  -7.4882382e-01   4.8829350e+04
  -8.3847701e+00   2.5811324e+00  -6.8286687e-01   4.5060633e+04
  -7.9424280e+00   2.6160202e+00  -8.4030413e-01   4.7204012e+04
  -1.2639998e+01   2.0599407e+00  -1.1141274e+00   2.8082419e+04
  -8.2432643e+00   2.6089594e+00  -8.4122202e-01   4.6360627e+04
  -7.4924255e+00   2.4372506e+00  -8.8886232e-01   7.0000000e+04
  -1.7509435e+01   1.0000000e+00  -1.0220290e+00   1.4481522e+04
  -8.1081232e+00   2.6296047e+00  -8.2261080e-01   4.6975068e+04
  -6.2608306e+00   2.9186694e+00  -6.7595800e-01   5.2455600e+04
  -8.5251925e+00   2.3778115e+00  -9.1110676e-01   4.3966811e+04
  -1.1361263e+01   2.3065279e+00  -1.2503305e+00   4.5365387e+04
  -9.6162111e+00   2.3905503e+00  -8.7730315e-01   3.9658924e+04
  -8.0195098e+00   2.6596349e+00  -8.2714983e-01   4.7746864e+04
  -7.6484741e+00   2.6970637e+00  -7.7615005e-01   4.8863088e+04
  -9.7959800e+00   2.2580069e+00  -1.0202669e+00   3.9484648e+04
  -9.4464054e+00   4.1183811e+00  -8.7695639e-01   4.2290943e+04
  -8.5338885e+00   2.3450993e+00  -1.0221734e+00   4.1670407e+04
  -1.2312625e+01   2.1502670e+00  -1.0771550e+00   2.9305047e+04
  -7.7848639e+00   2.7062747e+00  -7.9253816e-01   4.8929703e+04
  -7.5468296e+00   2.7177883e+00  -7.5017257e-01   4.8985077e+04
  -8.1261192e+00   2.5493247e+00  -9.1858060e-01   4.6081186e+04
  -1.1804428e+01   2.4949778e+00  -1.2687331e+00   3.5271884e+04
  -8.1968269e+00   2.5485534e+00  -8.9256841e-01   4.5676224e+04
  -1.1675374e+01   2.3582904e+00  -1.1468938e+00   3.6096477e+04
  -1.1107973e+01   2.1284806e+00  -1.4377255e+00   3.5981930e+04
  -1.0047330e+01   2.3042374e+00  -1.0269706e+00   3.7998728e+04
  -7.6874471e+00   2.6882364e+00  -7.7214177e-01   4.8715762e+04
  -8.7631699e+00   2.5192577e+00  -9.0416233e-01   4.4968571e+04
  -8.3267141e+00   2.5564616e+00  -8.9941227e-01   4.5570803e+04
  -7.6767073e+00   2.6995571e+00  -7.6015508e-01   4.9126844e+04
  -9.3778899e+00   2.4556692e+00  -8.9867408e-01   4.1364576e+04
  -7.3973221e+00   3.1154258e+00  -6.2901007e-01   5.0889466e+04
  -8.6111455e+00   2.5655535e+00  -9.3720122e-01   4.5422310e+04
  -1.1364527e+01   2.2822799e+00  -1.0819718e+00   3.5880764e+04
  -8.8164718e+00   3.9099659e+00  -4.4015347e-01   7.0000000e+04
  -5.0644011e+00   2.7408036e+00  -8.0527149e-01   4.8702698e+04
  -8.6121082e+00   2.4813048e+00  -9.0174747e-01   4.3589021e+04
  -8.1673901e+00   2.6068403e+00  -8.5484980e-01   4.6743822e+04
   0.0000000e+00   1.0000000e+00  -1.5000000e+00   3.2054552e+03
  -7.9803714e+00   2.6765588e+00  -7.9270243e-01   4.7958210e+04
  -9.6828093e+00   2.4886296e+00  -9.1252047e-01   4.0932869e+04
  -8.2573485e+00   2.5791197e+00  -8.8023545e-01   4.5566923e+04
  -1.0799860e+01   2.1701363e+00  -1.2392954e+00   3.6001485e+04
  -1.0985550e+01   2.3707546e+00  -1.1630958e+00   3.8672360e+04
  -9.1862337e+00   2.3318981e+00  -1.0760857e+00   4.0371368e+04
  -7.8977868e+00   2.6922197e+00  -7.7827671e-01   4.8117558e+04
   0.0000000e+00   2.1991185e+00  -1.5000000e+00   3.4198465e+04
  -8.8370772e+00   2.5374393e+00  -8.7948254e-01   4.3937650e+04
  -8.1665945e+00   2.6199802e+00  -8.5265721e-01   4.6822625e+04
  -9.2701201e+00   2.5330312e+00  -9.2887020e-01   4.4228234e+04
  -1.1004862e+01   2.0496207e+00  -1.1211528e+00   3.6866035e+04
   0.0000000e+00   1.0415783e+00  -6.3694415e-01   5.8600000e+04
  -9.1625210e+00   2.3402064e+00  -1.0758616e+00   4.0669925e+04
  -8.1542339e+00   2.4425354e+00  -8.8196367e-01   4.8023262e+04
  -9.0133905e+00   2.4527961e+00  -9.6886486e-01   4.2322524e+04
  -8.0904925e+00   2.6370310e+00  -8.2341330e-01   4.7155240e+04
  -7.6039920e+00   2.7587051e+00  -7.1740252e-01   5.0030872e+04
  -8.3197691e+00   2.4790521e+00  -9.5807623e-01   4.4104166e+04
  -7.8614886e+00   2.6560819e+00  -8.1526971e-01   4.7977546e+04
  -9.3194636e+00   2.4389570e+00  -1.1612830e+00   4.3947019e+04
  -8.7000177e+00   2.6070238e+00  -8.2505300e-01   4.6975648e+04
  -1.2004359e+01   1.9451609e+00  -1.5000000e+00   2.8816345e+04
  -8.7939476e+00   2.4243356e+00  -1.0049610e+00   4.2769557e+04
  -8.0682092e+00   2.4480488e+00  -1.0052248e+00   4.2412105e+04
   0.0000000e+00   2.7767124e+00  -1.5000000e+00   5.5530936e+04
  -8.8814487e+00   2.4107946e+00  -9.6920373e-01   4.2388886e+04
   0.0000000e+00   1.9997512e+00  -1.5000000e+00   3.1845871e+04
  -6.7757256e+00   2.1659438e+00  -1.5000000e+00   4.8274058e+04
  -8.2804351e+00   2.5169581e+00  -8.6480168e-01   4.4614060e+04
  -9.4240923e+00   2.6072287e+00  -1.0365518e+00   4.5457569e+04
  -7.5699668e+00   2.4160335e+00  -1.1439364e+00   4.3512518e+04
  -7.8230103e+00   2.5665954e+00  -9.4221244e-01   4.7228103e+04
  -8.2984339e+00   2.5413776e+00  -9.2817151e-01   4.5705583e+04
  -7.9522429e+00   2.6466416e+00  -8.1700479e-01   4.7574493e+04
  -7.9934762e+00   1.9554497e+00  -1.3834188e+00   4.4793976e+04
  -1.0925498e+01   2.5032873e+00  -8.4692775e-01   4.4369501e+04
  -1.1077564e+01   2.8855900e+00  -5.9202638e-01   5.7435685e+04
  -3.1678527e+00   2.5462016e+00  -9.3213479e-01   4.9106171e+04
  -8.1318236e+00   2.8297413e+00  -7.5914380e-01   4.8604015e+04
  -9.2771626e+00   2.4788897e+00  -9.3597742e-01   4.1972132e+04
  -7.8812010e+00   2.6964752e+00  -7.9602228e-01   4.8586605e+04
  -7.9838165e+00   2.4286134e+00  -1.0320240e+00   4.4641901e+04
  -1.6171141e+01   3.1334555e+00  -1.1393624e+00   1.3501622e+04
  -6.4586961e+00   2.7005662e+00  -7.3029170e-01   4.9999695e+04
  -9.2341619e+00   2.6902399e+00  -7.4438030e-01   4.6094937e+04
  -1.3923481e+01   5.5000000e+00  -1.0000000e-01   4.7523908e+04
  -1.0786772e+01   2.6995834e+00  -8.3961846e-01   4.2546599e+04
  -7.9701354e+00   2.5926084e+00  -7.9617626e-01   4.8514885e+04
  -7.5373652e+00   2.7961941e+00  -6.9795168e-01   5.0728121e+04
  -8.5466973e+00   2.4062741e+00  -9.6367250e-01   4.3953081e+04
