  -2.8701176e+01   2.4588195e+00  -7.2366561e-01   2.2578764e+04
  -1.5212230e+01   1.8260404e+00  -9.4168251e-01   2.3407843e+04
  -8.8993153e+00   1.3705431e+00  -8.9524461e-01   2.5649655e+03
  -1.3796617e+01   2.2065310e+00  -1.1119353e+00   2.9622245e+04
  -1.2754827e+01   2.0437624e+00  -1.0079255e+00   2.6735598e+04
  -7.0825591e+00   2.6576198e+00  -1.3073399e+00   4.0828787e+04
  -1.3074141e+01   3.0336514e+00  -5.1289588e-01   2.3660811e+04
  -1.5401122e+01   1.5772800e+00  -1.4328112e+00   1.7738963e+04
  -1.3891656e+01   1.7854522e+00  -1.2004760e+00   3.7825473e+04
  -1.4010652e+01   2.1814390e+00  -1.0671368e+00   2.6527544e+04
  -1.3119379e+01   2.9762799e+00  -9.7505507e-01   4.1233753e+04
   0.0000000e+00   1.1765074e+00  -1.2563187e+00   1.3783795e+04
  -1.5054413e+01   1.4500399e+00  -1.0376777e+00   1.9531232e+04
  -1.8779970e+01   3.4331542e+00  -1.0482188e+00   2.4688392e+04
  -1.1378521e+01   1.5495125e+00  -1.1210441e+00   2.3115996e+04
  -1.0962646e+01   1.7117450e+00  -1.1222145e+00   2.7312311e+04
  -7.5750999e+00   2.1883332e+00  -7.9900751e-01   6.0909697e+03
  -1.2614597e+01   2.4330473e+00  -1.2033772e+00   1.4843352e+04
  -1.0768750e+01   1.0000000e+00  -1.0390599e+00   6.7383662e+03
   0.0000000e+00   1.0000000e+00  -9.0865791e-01   2.8297169e+03
  -1.0821740e+01   2.1506714e+00  -1.3125012e+00   3.5751728e+04
  -2.7694147e+00   2.3324979e+00  -8.5340400e-01   3.2004969e+04
  -3.1676610e+01   3.9384260e+00  -9.6880329e-01   8.7898737e+03
  -6.5279814e+00   4.2712564e+00  -8.9941229e-01   3.7469967e+04
  -1.9290437e+01   2.9018571e+00  -8.7307659e-01   2.2465218e+04
  -1.4717496e+01   1.0000000e+00  -1.5000000e+00   9.5935535e+03
  -9.3314192e+00   2.0073904e+00  -1.2166788e+00   2.0116158e+04
  -1.5152141e+01   1.0000000e+00  -1.1903464e+00   2.1399754e+04
  -9.0603431e+00   1.4498063e+00  -1.1887509e+00   1.7538105e+04
  -2.4762810e+00   5.1448886e+00  -5.9787049e-01   1.7357549e+04
   0.0000000e+00   1.0000000e+00  -1.0981445e+00   1.1111771e+04
  -1.3159851e+01   2.0854593e+00  -1.1101879e+00   2.3194182e+04
  -3.2758758e+01   3.5972233e+00  -1.1588494e+00   4.7070839e+04
  -1.8601832e+01   2.7921205e+00  -1.0999916e+00   2.3670058e+04
  -6.1129900e+00   1.2258300e+00  -1.0455840e+00   2.0024140e+04
  -1.5014672e+01   1.0000000e+00  -1.5000000e+00   4.8004772e+03
  -1.0454266e+01   1.6707253e+00  -1.1668215e+00   2.8354320e+04
  -9.8222073e+00   2.7925129e+00  -1.0078084e+00   3.1705322e+04
  -9.7568147e+00   2.1959143e+00  -1.1313774e+00   2.0130854e+04
  -1.5953404e+01   2.0514955e+00  -1.1192043e+00   2.7743591e+04
  -1.3741867e+01   2.0583071e+00  -1.0699381e+00   2.6266014e+04
  -1.3338898e+01   2.0273000e+00  -1.0999750e+00   2.5431832e+04
  -7.7904897e+00   1.4740332e+00  -1.0271810e+00   2.3423288e+04
  -9.5117023e+00   1.0000000e+00  -1.2955688e+00   1.0072855e+04
  -2.2024156e+00   1.1300712e+00  -9.2976315e-01   8.3361764e+03
  -9.4407327e+00   1.4095489e+00  -1.0312276e+00   1.9536028e+04
  -1.0052694e+01   1.5377669e+00  -1.3437602e+00   2.5269007e+04
  -1.2282315e+01   1.6351851e+00  -1.0215369e+00   2.7399824e+04
  -1.7512165e+01   1.2533612e+00  -1.2991777e+00   3.1291619e+04
  -9.3646055e+00   2.0434431e+00  -1.0350439e+00   2.2063015e+04
  -1.2309722e+01   2.1252243e+00  -1.1046930e+00   1.5215387e+04
  -1.3240725e+01   2.0069120e+00  -1.0819916e+00   2.5383890e+04
  -1.1232824e+01   3.0115405e+00  -8.7664902e-01   1.9051753e+04
  -3.4752361e+00   1.0000000e+00  -1.4205694e+00   1.3356458e+04
  -1.3108912e+01   2.0593759e+00  -1.0669685e+00   2.5927608e+04
  -1.2849196e+01   1.9737638e+00  -1.0765567e+00   2.5908499e+04
  -3.8342777e+00   1.3067644e+00  -1.2862350e+00   2.1030667e+04
  -1.6122818e+01   2.4145917e+00  -4.3689503e-01   1.4798136e+04
  -1.1257178e+01   2.0811650e+00  -1.1108538e+00   2.0843626e+04
  -5.4901295e-02   1.0000000e+00  -1.1070370e+00   3.0593000e+04
  -1.7041371e+01   1.5258354e+00  -1.0674716e+00   4.0977067e+04
  -1.3434857e+01   1.9251612e+00  -1.0941258e+00   2.3428936e+04
  -1.4153246e+01   2.0622002e+00  -1.0619078e+00   2.5783834e+04
  -1.4499825e+01   2.4338996e+00  -8.2112429e-01   3.1813163e+04
  -2.6381465e+01   2.5290561e+00  -7.3513131e-01   2.6596690e+04
  -1.3757408e+01   1.0000000e+00  -9.7045492e-01   1.7942443e+04
  -1.4339753e+01   1.9921908e+00  -1.2914606e+00   2.0141109e+04
  -1.3767678e+01   2.3707474e+00  -1.1191003e+00   2.9149501e+04
  -1.1297718e+01   1.9872011e+00  -1.0589847e+00   2.6015691e+04
  -5.5086785e+00   1.0000000e+00  -1.0846182e+00   2.4337209e+04
  -9.2986969e+00   3.5283279e+00  -6.8621105e-01   1.3749986e+04
  -1.6315489e+01   2.3987381e+00  -1.0838204e+00   2.8197852e+04
  -8.6780692e+00   1.0000000e+00  -9.5599018e-01   1.8540527e+04
  -1.1123900e+01   3.6390799e+00  -1.1392360e+00   6.0444762e+04
  -1.5607389e+01   2.0569584e+00  -1.1146345e+00   2.7655827e+04
  -7.1787770e+00   1.0000000e+00  -1.1301851e+00   3.1507069e+04
  -1.4946631e+01   3.2022076e+00  -1.0386657e+00   2.9599198e+04
  -5.9853200e+00   1.3367987e+00  -1.5000000e+00   1.3929097e+04
  -8.4360691e+00   1.5039138e+00  -1.2429960e+00   1.8677848e+04
  -9.0966938e+00   1.0000000e+00  -1.2624579e+00   2.2887972e+04
  -3.2791767e+00   2.0950843e+00  -1.0387509e+00   1.8747245e+04
  -2.1400084e+01   1.8989762e+00  -9.6980474e-01   2.7259525e+04
  -7.0146044e+00   1.4874303e+00  -1.0105761e+00   6.6584025e+03
  -2.3735210e+01   1.3894810e+00  -4.6722879e-01   5.1938164e+04
  -1.4186880e+01   2.1556874e+00  -1.0083438e+00   2.8823368e+04
  -1.4084890e+01   3.4142453e+00  -7.0542505e-01   5.4088717e+04
  -1.5887408e+01   1.4599109e+00  -1.1815968e+00   2.6575212e+04
  -4.5447113e+00   1.0000000e+00  -1.0702525e+00   3.2546080e+04
  -8.9832544e+00   1.0000000e+00  -9.7568597e-01   2.8517135e+04
  -1.6363692e+01   3.2604193e+00  -9.6946921e-01   1.7005591e+04
  -8.0033022e+00   1.0543675e+00  -1.2951041e+00   1.8392011e+04
  -2.4249512e+00   1.4231741e+00  -1.0173016e+00   2.0575864e+04
  -1.0942904e+01   2.3467524e+00  -1.0025954e+00   2.0482671e+04
  -2.3690674e+01   4.4034844e+00  -1.1848414e+00   1.3411927e+04
  -1.3563469e+01   2.0430710e+00  -1.0870627e+00   2.5851362e+04
  -1.0327376e+01   2.9493752e+00  -9.0647641e-01   1.8976574e+04
  -1.2565545e+01   2.0746844e+00  -1.0529492e+00   2.5085998e+04
  -1.7479876e+01   1.8324429e+00  -7.9906716e-01   3.5240791e+04
  -2.3513126e+01   2.7118828e+00  -1.0086165e+00   2.5881911e+04
  -1.0336463e+01   1.6711836e+00  -1.0852326e+00   2.6462721e+04
  -8.2382620e+00   2.1270999e+00  -6.6919187e-01   4.4979675e+04
  -9.5783636e+00   3.1239547e+00  -6.9679606e-01   4.1659553e+04
  -1.3326019e+01   2.3176920e+00  -1.1071654e+00   2.4632961e+04
  -3.4072349e+01   3.2722215e+00  -9.6138937e-01   4.9272437e+04
  -3.1604370e+01   2.3476770e+00  -9.2380931e-01   5.6486103e+04
  -1.6032938e+01   2.9762224e+00  -6.2859391e-01   3.3231033e+04
  -1.4693537e+01   1.8570545e+00  -5.4506258e-01   5.1209070e+04
  -3.5779784e+01   2.8757775e+00  -8.8906576e-01   6.5402614e+04
  -1.0754373e+01   2.2947670e+00  -9.1219581e-01   2.7453282e+04
  -1.3266300e+01   2.0176000e+00  -1.0779000e+00   2.5678000e+04
  -1.3248197e+01   2.0174900e+00  -1.0787391e+00   2.5591519e+04
  -1.3364785e+01   1.5744153e+00  -6.5044358e-01   3.9122004e+04
  -1.1406880e+01   2.0980824e+00  -6.7235707e-01   4.7956176e+04
  -1.4096197e+01   2.0357774e+00  -1.0709579e+00   2.6474845e+04
  -9.2661396e+00   1.8848192e+00  -1.0801837e+00   3.3251954e+04
  -1.4067420e+01   2.5808048e+00  -1.4774138e+00   1.1465592e+03
  -1.2866947e+01   1.1126920e+00  -1.0359809e+00   2.8972496e+04
  -1.3099475e+01   1.4545440e+00  -1.3669393e+00   3.4436367e+04
  -8.2608612e+00   3.7069326e+00  -9.1555061e-01   3.4438065e+04
  -1.7156952e+01   1.0000000e+00  -1.3335584e+00   2.4705060e+04
  -1.6405490e+01   2.1352983e+00  -9.5802470e-01   3.2337161e+04
  -1.6170756e+01   2.0818892e+00  -1.0012457e+00   3.0094105e+04
  -1.3497511e+01   1.9005451e+00  -1.0374438e+00   2.6406257e+04
  -9.8108458e+00   1.9054630e+00  -1.2383697e+00   2.1840480e+04
  -1.5570263e+01   1.2585638e+00  -6.9776787e-01   4.9294005e+04
  -1.3890849e+01   1.6803518e+00  -1.2068771e+00   2.5076770e+04
  -1.0120533e+01   1.8588108e+00  -1.2021183e+00   2.9136249e+04
  -1.3529589e+01   1.9355735e+00  -9.9284072e-01   2.5855232e+04
  -1.3352690e+01   1.9612271e+00  -1.1280923e+00   2.5103440e+04
  -1.0897000e+01   2.0754353e+00  -1.0536472e+00   2.0984124e+04
  -1.3314022e+01   2.0279550e+00  -1.0870865e+00   2.5409544e+04
  -8.3848118e+00   3.5081848e+00  -5.5555003e-01   4.1054990e+04
  -1.8935846e+01   1.5102172e+00  -4.7807925e-01   1.7109865e+04
  -8.4050730e+00   1.3498826e+00  -1.0205321e+00   2.5974682e+04
  -2.6494789e+01   1.7450846e+00  -3.9967043e-01   3.1221000e+04
  -1.1769956e+01   3.7641722e+00  -9.2733504e-01   4.2044728e+04
  -1.8979551e+01   2.7139104e+00  -1.2195425e+00   2.5470155e+04
  -3.8380491e+00   2.8334696e+00  -1.0220462e+00   3.6847316e+04
  -1.8574014e+01   3.5154395e+00  -7.5986590e-01   4.3625489e+04
  -1.1584420e+01   1.0193552e+00  -1.2321752e+00   2.9230052e+04
  -1.9832002e+00   2.2291295e+00  -6.1058921e-01   5.2005513e+04
  -3.0766695e+00   1.0000000e+00  -1.4165217e+00   8.2061851e+03
  -1.3528550e+01   2.0695239e+00  -1.0834058e+00   2.6504100e+04
  -1.6837515e+01   1.5712043e+00  -1.1265125e+00   2.1511147e+04
  -1.4050583e+01   1.6450547e+00  -1.3401948e+00   1.3934997e+04
  -4.9585333e+00   2.3172661e+00  -9.7135417e-01   2.6232657e+04
  -1.1817482e+01   1.7434710e+00  -1.1009325e+00   2.4410395e+04
  -2.6410915e+01   1.7557499e+00  -1.0922731e+00   5.1317372e+04
  -2.3056617e+01   4.0269502e+00  -5.6391233e-01   4.8599783e+04
  -1.3318981e+01   2.0338667e+00  -1.0754286e+00   2.5536773e+04
  -1.3035592e+01   1.8359162e+00  -1.1258478e+00   2.5021910e+04
  -2.4599036e+00   1.6159711e+00  -1.1184133e+00   1.0988086e+04
  -2.1798991e+01   2.7215119e+00  -3.1465275e-01   5.0564898e+04
  -1.2134648e+01   1.6356599e+00  -9.0956676e-01   1.7591155e+04
  -1.2790154e+01   1.9602066e+00  -1.0314765e+00   2.4745566e+04
  -3.6351154e+00   2.6270233e+00  -2.1412603e-01   8.1215170e+03
  -1.7855232e+01   1.5898337e+00  -9.5859769e-01   2.0401042e+04
  -2.0819775e+01   3.1870743e+00  -8.9465805e-01   3.3661768e+04
  -2.2874583e+01   3.6845969e+00  -1.3209953e+00   3.0135035e+04
  -1.1726853e+01   2.2877714e+00  -1.0024762e+00   2.4384890e+04
  -1.2617576e+01   2.1945827e+00  -1.0063807e+00   2.5848326e+04
  -1.0397472e+01   1.8149542e+00  -1.1604033e+00   2.1435891e+04
  -1.1054556e+00   1.7315447e+00  -1.2868452e+00   2.3743098e+04
  -1.5270997e+01   2.0943740e+00  -1.0420806e+00   1.7093866e+04
  -7.0442648e+00   2.2759225e+00  -9.2493327e-01   3.3844235e+04
  -1.3119232e+01   1.8587824e+00  -1.1674635e+00   2.4391247e+04
  -1.5466466e+01   2.1223438e+00  -1.3444745e+00   1.4867249e+04
  -1.0229577e+01   2.1783645e+00  -8.8407608e-01   2.3489742e+04
  -1.8835937e+01   2.8411070e+00  -7.8549249e-01   3.8627532e+04
  -8.9450222e+00   1.8613519e+00  -8.7804062e-01   2.3112383e+04
  -2.0528608e+01   1.7387690e+00  -1.0698138e+00   3.3646361e+04
  -1.1434638e+01   2.0977393e+00  -1.0244907e+00   1.8376867e+04
  -2.9068921e+01   1.3745221e+00  -8.8369700e-01   3.0973837e+04
  -6.6016654e+00   3.2791297e+00  -1.2704188e+00   1.6051481e+04
  -6.1334844e+00   2.1154456e+00  -9.0133659e-01   3.2071067e+04
  -1.4087435e+01   2.0856714e+00  -1.0605059e+00   2.2463637e+04
  -1.1752526e+00   2.0306717e+00  -1.2854269e+00   2.2422233e+04
  -1.8354272e+01   2.0778618e+00  -1.2591296e+00   7.2450745e+03
  -1.2366788e+01   2.6027662e+00  -8.9447983e-01   3.1427124e+04
  -1.6407912e+01   3.2349626e+00  -1.0962212e+00   4.4920490e+04
  -1.6366409e+01   2.0307533e+00  -1.3215274e+00   3.1307824e+04
  -1.7494260e+01   1.9700103e+00  -7.4124918e-01   1.3839902e+04
  -7.1170295e+00   1.3068470e+00  -1.4081319e+00   9.4622714e+03
  -2.6235603e+01   3.5367994e+00  -9.0475423e-01   5.1884007e+04
  -9.4585737e+00   1.8034095e+00  -1.0233944e+00   4.0519789e+04
  -1.1689362e+01   2.0077499e+00  -1.2220346e+00   2.3378036e+04
  -1.8178222e+01   2.4122504e+00  -6.2966375e-01   4.3177192e+04
  -2.6380879e+01   2.4835177e+00  -6.0923519e-01   2.5195187e+04
  -1.0074437e+01   2.2515347e+00  -1.0203486e+00   2.5085644e+04
  -6.4666141e+00   2.0952090e+00  -1.2124288e+00   3.7404754e+04
  -1.4145952e+01   2.1071260e+00  -9.8993693e-01   2.7364115e+04
  -1.4885135e+01   2.4712915e+00  -9.4370000e-01   2.2795399e+04
  -1.3549920e+01   2.0403901e+00  -1.0817175e+00   2.5688916e+04
  -2.4481329e+01   3.1679520e+00  -1.1067819e+00   4.2706819e+04
  -2.7285766e+01   2.8668419e+00  -5.2427724e-01   2.2113163e+04
  -9.8590751e+00   1.2372827e+00  -1.3377031e+00   1.8650635e+04
  -2.1358855e+01   3.7116478e+00  -8.7353998e-01   4.4321648e+04
  -1.8006574e+01   3.1456623e+00  -2.6112741e-01   3.0256149e+03
  -9.2953969e+00   1.0000000e+00  -1.1781006e+00   1.4526834e+04
  -1.0617138e+01   2.4402600e+00  -1.0795774e+00   3.1325609e+04
