  -2.4395437e+01   2.3292362e+00  -1.1239056e+00   3.4353620e+04
  -1.0078146e+01   2.1975944e+00  -1.3101725e+00   3.7723304e+04
  -8.3267623e+00   2.1999252e+00  -1.3595084e+00   3.9936397e+04
  -9.0286372e+00   2.2415115e+00  -1.3377943e+00   4.0722333e+04
  -9.8324522e+00   2.2079734e+00  -1.2498937e+00   3.7690076e+04
  -8.4385137e+00   2.3309995e+00  -1.3622423e+00   4.1898163e+04
  -1.0113952e+01   2.2917168e+00  -1.2400358e+00   3.7362443e+04
  -1.1294825e+01   1.9296461e+00  -1.5000000e+00   3.4051823e+04
  -8.1782230e+00   2.2945747e+00  -1.4094671e+00   4.3951105e+04
  -1.2992522e+01   2.0222141e+00  -1.0908195e+00   2.6631160e+04
  -1.2209609e+01   4.4714037e+00  -8.6619292e-01   6.7497800e+04
  -3.6710666e+01   2.9050389e+00  -1.0391165e+00   4.3600669e+04
  -1.1230864e+01   1.2490215e+00  -1.2030746e+00   3.3112008e+04
  -1.0305520e+01   2.1601894e+00  -1.2469802e+00   3.6043503e+04
  -3.1369529e+01   5.5000000e+00  -5.9294578e-01   4.1199070e+04
  -9.4619842e-01   2.3175196e+00  -1.0675419e+00   0.0000000e+00
  -1.2824075e+01   2.1798855e+00  -1.4048068e+00   4.7986929e+04
  -9.7485768e+00   2.2721517e+00  -1.3693092e+00   3.4900548e+04
  -1.0975614e+01   2.4349077e+00  -1.3233388e+00   4.8305276e+04
  -1.1289956e+01   2.5424169e+00  -1.2585580e+00   3.6046222e+04
  -9.3505100e+00   2.2500035e+00  -1.3165248e+00   3.9896144e+04
  -1.3373790e+01   2.0631869e+00  -1.3107533e+00   3.3860190e+04
   0.0000000e+00   1.0000000e+00  -1.3775809e+00   6.9290972e+04
  -1.1438799e+01   1.9944948e+00  -1.2700062e+00   3.3799395e+04
  -4.0000000e+01   5.5000000e+00  -1.0000000e-01   1.8720369e+04
  -8.2962835e+00   2.2312848e+00  -1.4234755e+00   7.0000000e+04
  -2.9700527e+01   2.0969512e+00  -5.7288784e-01   7.0000000e+04
  -9.5507563e+00   2.3010419e+00  -1.3132623e+00   3.9240532e+04
  -1.2537958e+01   2.5310977e+00  -1.2220092e+00   4.1869541e+04
  -8.7109728e+00   2.3216724e+00  -1.3670158e+00   4.2008561e+04
   0.0000000e+00   1.0000000e+00  -1.2913226e+00   4.2558310e+04
  -1.0531308e+01   2.2622725e+00  -1.2965192e+00   3.2069337e+04
  -1.1792050e+01   2.3347896e+00  -1.3291758e+00   3.9281180e+04
  -1.0029041e+01   2.1095033e+00  -1.1306883e+00   3.0368470e+04
  -1.9398808e+01   2.7631062e+00  -1.1438631e+00   3.2033772e+04
  -9.9762046e+00   3.4049130e+00  -9.0622817e-01   5.3999964e+04
  -1.7797590e+01   3.1335540e+00  -9.7803776e-01   2.8802295e+04
  -4.3206826e+00   4.0743688e+00  -8.6881867e-01   4.1139166e+04
  -3.2093641e+01   1.2940362e+00  -1.1485742e+00   7.0000000e+04
  -1.8384836e+01   2.1387219e+00  -1.3944791e+00   3.9781138e+04
  -5.5216416e+00   1.6286515e+00  -1.3255315e+00   2.4867288e+04
  -1.2041063e+01   1.9301233e+00  -1.0588348e+00   2.9270946e+04
  -9.8691087e+00   2.2447437e+00  -1.3209487e+00   3.8923394e+04
  -5.9377943e+00   2.4365234e+00  -1.2789407e+00   4.3075128e+04
  -1.8147238e+01   2.9862057e+00  -1.3805918e+00   4.9174242e+04
  -4.2335582e+00   1.5780162e+00  -1.2998152e+00   7.0000000e+04
  -7.7280577e+00   1.8721346e+00  -3.9086906e-01   3.7568376e+04
  -9.3673001e+00   2.3679667e+00  -1.3691096e+00   4.0309720e+04
  -1.3204187e+01   1.6935494e+00  -1.3282891e+00   3.5368199e+04
  -1.0495935e+01   2.2101766e+00  -1.3098858e+00   3.8799803e+04
  -8.1731033e+00   2.3819852e+00  -1.3633743e+00   3.6646548e+04
  -9.0696564e+00   2.2305483e+00  -1.3435686e+00   4.0395547e+04
  -9.4078510e+00   2.1736796e+00  -1.3329020e+00   4.0430829e+04
   0.0000000e+00   1.0000000e+00  -1.0539628e+00   6.1978564e+04
  -1.5134075e+01   2.5722175e+00  -1.1454456e+00   2.1969689e+04
  -9.4798334e+00   2.2693979e+00  -1.3301113e+00   4.0039636e+04
   0.0000000e+00   2.4025075e+00  -1.2020672e+00   3.7672914e+04
  -8.3416813e+00   2.3124541e+00  -1.3820581e+00   4.3725639e+04
  -1.0793513e+01   2.1565945e+00  -1.2148270e+00   3.3480204e+04
  -8.4733003e+00   2.2713047e+00  -1.3286794e+00   4.0040162e+04
  -1.0104209e+01   2.2021438e+00  -1.3011517e+00   3.6896091e+04
  -8.7685340e+00   2.2376376e+00  -1.3856728e+00   4.1413643e+04
  -3.7458475e+00   1.5991796e+00  -1.1694701e+00   2.2532274e+04
  -1.2086283e+01   1.0000000e+00  -1.5000000e+00   0.0000000e+00
  -9.2239845e+00   2.1632795e+00  -1.2931661e+00   3.6700331e+04
  -8.5744239e+00   1.9083229e+00  -1.4066663e+00   4.5092714e+04
  -8.6473364e+00   2.2384381e+00  -1.2092679e+00   4.3281876e+04
  -1.1791225e+01   2.3820257e+00  -1.2570331e+00   3.5674834e+04
  -9.6351091e+00   2.2356350e+00  -1.2809689e+00   3.8388534e+04
   0.0000000e+00   1.0000000e+00  -9.8045894e-01   3.2020378e+04
  -6.3441536e+00   4.3355495e+00  -5.5258905e-01   1.1290458e+04
  -9.7038909e+00   2.2547695e+00  -1.3177670e+00   3.9518622e+04
  -9.2897165e+00   2.6147307e+00  -1.2025839e+00   3.5261349e+04
  -9.5989594e+00   2.1653763e+00  -1.3090671e+00   3.7858708e+04
  -1.2971578e+01   2.2020086e+00  -1.2944151e+00   3.7329700e+04
  -1.0230596e+01   2.0821192e+00  -1.3210121e+00   3.8838848e+04
  -1.1719420e+01   2.7016508e+00  -1.2474047e+00   3.6019664e+04
  -1.3586781e+01   2.3623181e+00  -9.1825587e-01   3.3779972e+04
  -9.3329286e+00   2.2526558e+00  -1.3291058e+00   4.0314071e+04
  -1.1675831e+01   2.3011432e+00  -1.2185440e+00   3.8685743e+04
  -8.9731352e+00   2.2351871e+00  -1.2798430e+00   3.6511726e+04
  -1.7283284e+01   2.0540202e+00  -1.1449054e+00   3.4461253e+04
  -9.6008679e+00   2.2777447e+00  -1.3471398e+00   4.1034513e+04
  -1.4571712e+01   1.9271517e+00  -9.9097967e-01   3.6245267e+04
  -1.0286571e+01   2.0618059e+00  -1.2624088e+00   3.1310361e+04
  -1.0527988e+01   2.0949947e+00  -1.2860489e+00   3.3886602e+04
  -8.4778394e+00   2.3353284e+00  -1.3540177e+00   4.1451492e+04
  -1.9016459e+01   2.1316718e+00  -1.4075695e+00   3.3622332e+04
  -9.1264621e+00   1.0000000e+00  -1.1419018e+00   3.3866432e+04
  -1.3530375e+01   2.1217134e+00  -1.0177616e+00   2.3529988e+04
   0.0000000e+00   1.0000000e+00  -1.5000000e+00   3.9473480e+04
  -1.5402874e+01   2.3479363e+00  -1.2151507e+00   3.4150834e+04
  -5.8649332e+00   2.9084009e+00  -1.0090699e+00   1.9711652e+04
  -8.5007258e+00   2.1753859e+00  -1.3611780e+00   4.2086783e+04
  -8.7788904e+00   2.2928684e+00  -1.3773501e+00   4.2420123e+04
  -1.1677046e+01   1.0675829e+00  -1.0538960e+00   5.5720419e+04
  -3.6275679e+00   2.7646517e+00  -7.9447960e-01   2.0014283e+04
  -8.2904047e+00   2.2818100e+00  -1.3911084e+00   3.9970839e+04
  -1.0528990e+01   1.9425255e+00  -1.1351222e+00   2.8494568e+04
  -4.0000000e+01   5.5000000e+00  -7.6223890e-01   2.5094639e+03
  -1.0003801e+01   2.1776520e+00  -1.1714951e+00   3.7546013e+04
  -9.7520659e+00   2.5981191e+00  -1.0824340e+00   3.9433880e+04
  -1.0619975e+01   2.6639811e+00  -1.3146371e+00   3.3592252e+04
  -2.3893630e+00   1.9602763e+00  -1.5000000e+00   3.9500021e+04
  -9.7371306e+00   2.2325196e+00  -1.3295877e+00   4.0492610e+04
  -1.8041511e+01   3.5132769e+00  -7.5773756e-01   3.6689825e+04
  -9.5209794e+00   2.2076040e+00  -1.2982515e+00   4.0244222e+04
  -8.8358220e+00   2.1994337e+00  -1.3186073e+00   3.7575813e+04
  -8.6741966e+00   2.2751979e+00  -9.4948148e-01   4.0749029e+04
  -9.3437213e+00   2.2187403e+00  -1.3299195e+00   3.9638106e+04
  -1.0759124e+01   2.1316469e+00  -1.2406076e+00   3.2535204e+04
  -1.1011858e+01   1.4994723e+00  -6.7980255e-01   2.8956947e+04
  -1.2649519e+01   2.0192684e+00  -1.0949612e+00   2.7052515e+04
  -6.6540317e+00   2.2403000e+00  -1.3336610e+00   3.8291025e+04
  -9.8951606e+00   2.1584333e+00  -1.2038605e+00   3.6312870e+04
  -1.1743497e+01   2.4283415e+00  -1.4538160e+00   1.9034178e+04
  -1.2127679e+01   1.0000000e+00  -5.7896925e-01   3.2839845e+04
  -8.7595659e+00   2.2782554e+00  -1.3702185e+00   4.2283579e+04
  -1.4068104e+01   1.9963191e+00  -8.3298127e-01   4.8959018e+04
  -8.9892361e+00   1.0000000e+00  -1.1385068e+00   3.4866154e+04
  -1.9425772e+01   2.3441461e+00  -9.5453509e-01   4.9993123e+04
  -8.7773439e+00   2.1942209e+00  -1.4018010e+00   3.7370937e+04
  -9.5122745e+00   2.2324576e+00  -1.3136071e+00   3.9310101e+04
  -1.1871803e+01   2.2038921e+00  -1.2169985e+00   3.5529346e+04
  -8.9487222e+00   2.3616031e+00  -1.3780336e+00   3.7103502e+04
  -7.4235095e+00   1.8145008e+00  -1.1381846e+00   4.3911071e+04
  -5.2975099e+00   2.0746358e+00  -1.4939899e+00   4.5238675e+04
  -1.0020875e+01   2.4579999e+00  -1.4327821e+00   3.4255381e+04
  -9.4818685e+00   2.2313265e+00  -1.3124386e+00   3.9373201e+04
  -8.7347074e+00   2.2345425e+00  -1.3386907e+00   3.8461572e+04
  -1.0310076e+01   2.1705585e+00  -1.2631144e+00   3.6300534e+04
  -7.8642880e+00   2.6349843e+00  -1.2287364e+00   4.3466538e+04
  -1.1261459e+01   2.1370450e+00  -1.2387635e+00   3.2661723e+04
  -1.5923875e+01   2.8815810e+00  -1.2613417e+00   3.4244957e+04
  -1.0198229e+01   2.2212974e+00  -1.2754043e+00   3.8446699e+04
  -9.8967234e+00   2.4078456e+00  -1.2953250e+00   3.9557776e+04
  -1.3729672e+01   2.1199445e+00  -1.0912941e+00   2.5915534e+04
  -1.0704397e+00   3.0426594e+00  -1.0398516e+00   4.1253338e+04
  -8.0923658e+00   2.1790650e+00  -1.4021772e+00   4.1891499e+04
  -1.0377591e+01   2.0595373e+00  -1.2799576e+00   3.5502973e+04
  -9.0378248e+00   2.2261259e+00  -1.2630642e+00   3.9972951e+04
  -1.5426679e+01   2.3735956e+00  -1.0714566e+00   4.6564297e+04
  -1.1614332e+01   2.1361788e+00  -1.4160881e+00   3.2318864e+04
  -1.1919158e+01   2.0462599e+00  -1.2355804e+00   3.3203026e+04
  -9.3704089e+00   2.6832620e+00  -1.5000000e+00   1.5370045e+04
  -2.5248997e+01   1.6555550e+00  -1.1368151e+00   2.3879613e+04
  -9.3839076e+00   2.3637349e+00  -1.3606126e+00   4.2298013e+04
  -1.1773940e+01   2.1671214e+00  -1.2532578e+00   3.9028563e+04
  -2.2726017e+01   3.3831270e+00  -5.0801376e-01   3.4464134e+04
  -1.0944178e+01   2.1979187e+00  -1.2326687e+00   3.3828222e+04
  -1.0529319e+01   2.4653416e+00  -1.2579625e+00   3.8121124e+04
  -6.7721079e+00   2.3610118e+00  -1.3007576e+00   3.5757672e+04
  -7.0598600e+00   2.0552635e+00  -1.5000000e+00   3.3324511e+04
  -1.1817199e+01   2.5452284e+00  -1.3883606e+00   4.2744091e+04
  -1.1750612e+01   2.0429225e+00  -1.1191723e+00   2.9445795e+04
  -8.7594895e+00   2.2565145e+00  -1.3619175e+00   3.1434387e+04
  -2.7352846e+01   1.2726317e+00  -6.9311121e-01   1.2309389e+04
  -9.7969758e+00   2.1944823e+00  -1.2878431e+00   3.7453699e+04
  -1.1730368e+01   2.5726481e+00  -1.3822537e+00   3.9840562e+04
  -9.1799238e+00   2.2198344e+00  -1.3907221e+00   4.2292823e+04
  -8.6327469e+00   2.9419461e+00  -7.6574565e-01   3.2536687e+04
  -1.9148340e+01   3.9607619e+00  -1.1989368e+00   7.0000000e+04
  -1.3010059e+01   2.2220581e+00  -1.2146490e+00   3.3422705e+04
  -9.1023112e+00   1.9111872e+00  -1.2050589e+00   4.2309966e+04
  -1.1799384e+01   2.0990811e+00  -1.1292900e+00   2.9822432e+04
  -9.9198567e+00   2.1885325e+00  -1.1526702e+00   3.7668456e+04
  -1.1860725e+01   2.0195401e+00  -9.8457606e-01   3.1608801e+04
  -1.1356733e+01   2.1361572e+00  -1.5000000e+00   4.5070170e+04
  -9.0004991e+00   2.2260675e+00  -1.3464019e+00   4.0345495e+04
  -9.4636351e+00   2.2283154e+00  -1.3128306e+00   3.9298281e+04
  -5.0091771e+00   2.4358837e+00  -1.3903631e+00   3.9194473e+04
  -1.0562790e+01   2.2025536e+00  -1.2801576e+00   3.6084427e+04
  -1.2986103e+01   2.0780931e+00  -1.1556392e+00   2.9907091e+04
  -3.9847837e+00   2.6583654e+00  -1.4910957e+00   3.6681994e+04
  -2.8515459e+01   3.0268184e+00  -1.0000000e-01   2.3790445e+04
  -9.7992170e+00   2.2923988e+00  -1.3179704e+00   3.8104238e+04
  -4.0000000e+01   1.7442086e+00  -1.0000000e-01   3.2691318e+04
  -2.5747121e+00   1.9740959e+00  -1.0000000e-01   6.4769101e+04
  -7.5584626e+00   5.5000000e+00  -1.0000000e-01   6.2779000e+04
  -1.3619707e+01   3.2628381e+00  -1.2978289e+00   5.3234881e+04
  -7.2984456e+00   2.2752285e+00  -1.2522614e+00   3.9842195e+04
  -9.1546641e+00   2.2453801e+00  -1.3487352e+00   4.0479224e+04
  -1.0215099e+01   2.2812440e+00  -1.3034532e+00   4.0122775e+04
  -9.4744116e+00   2.1786466e+00  -1.3000997e+00   3.7280645e+04
  -7.2951527e+00   2.0350301e+00  -1.2639999e+00   4.8086127e+04
  -9.6321297e+00   2.2073957e+00  -1.3313908e+00   3.6645313e+04
  -1.9147876e+01   2.7569352e+00  -5.6346840e-01   6.4652720e+04
  -1.4972790e+00   1.8074413e+00  -1.4398500e+00   2.9752164e+04
  -1.7748557e+01   1.7205144e+00  -1.5000000e+00   4.6849588e+04
  -1.1407640e+01   2.1837238e+00  -1.2586694e+00   3.4927240e+04
  -1.0542585e+01   2.2462363e+00  -1.2409076e+00   3.6831940e+04
  -8.6054925e+00   2.3209513e+00  -1.2402990e+00   4.0524741e+04
  -1.2207031e+01   4.3237701e+00  -1.1149931e+00   2.8522556e+04
  -2.0804328e+01   2.9194664e+00  -1.1602946e+00   4.1718242e+04
  -5.3286523e+00   2.0823449e+00  -1.5000000e+00   4.3337577e+04
  -2.3840234e+01   1.0000000e+00  -1.5000000e+00   4.8270004e+04
  -1.2973241e+01   2.2698813e+00  -1.1334843e+00   3.1691323e+04
  -5.1016155e+00   1.6572401e+00  -7.8217968e-01   5.8667723e+04
  -1.5226243e+01   2.6555885e+00  -1.1251212e+00   4.2091514e+04
  -7.8384038e+00   2.3923378e+00  -1.4391412e+00   4.4264011e+04
