   0.0000000e+00   2.5422275e+00  -8.2510322e-01   3.5688935e+04
  -7.8604541e+00   2.4512973e+00  -9.2527788e-01   4.5352350e+04
  -1.0136649e+01   2.3496254e+00  -1.0224799e+00   3.9262985e+04
  -7.9574786e+00   2.5241277e+00  -1.0060228e+00   4.6531208e+04
  -8.9405414e+00   2.3641093e+00  -8.9546880e-01   4.0600698e+04
  -7.5074613e+00   2.5183148e+00  -1.0234593e+00   4.6652855e+04
  -8.7714371e+00   2.4489346e+00  -1.0347816e+00   4.3177730e+04
  -8.7925073e+00   2.4656874e+00  -9.7345453e-01   4.3305223e+04
  -8.7886375e+00   2.3873226e+00  -1.0051398e+00   4.2175942e+04
  -7.1890735e+00   2.5489966e+00  -9.6423087e-01   4.7756543e+04
  -1.1128073e+01   4.1033673e+00  -7.8195211e-01   6.3687944e+04
  -3.9830371e+01   2.6012582e+00  -1.0131277e+00   4.3483345e+04
  -5.7288037e+00   3.0079048e+00  -1.0329271e+00   5.4377870e+04
  -8.1690398e+00   2.5299310e+00  -9.5785986e-01   4.5924195e+04
  -7.8803303e+00   2.8822636e+00  -9.8066228e-01   4.4038531e+04
  -4.0000000e+01   3.1106530e+00  -1.0000000e-01   2.5066464e+04
  -9.8941691e+00   2.1984868e+00  -1.3809543e+00   3.9040089e+04
  -7.9362593e+00   2.5838149e+00  -1.2923937e+00   4.1535896e+04
  -6.9173834e+00   2.1335923e+00  -1.0158439e+00   4.3984144e+04
  -1.0331158e+01   2.6839532e+00  -1.1015607e+00   4.3403138e+04
  -8.7014728e+00   2.4152858e+00  -9.7511221e-01   4.2662279e+04
  -8.8189139e+00   2.4453485e+00  -9.8491839e-01   4.3957702e+04
  -9.8969620e-01   1.5904698e+00  -1.0673974e+00   4.8720053e+04
  -8.2122120e+00   2.6083394e+00  -8.7871644e-01   4.5992245e+04
  -4.0000000e+01   5.5000000e+00  -1.0000000e-01   3.8881172e+04
  -5.1185742e+00   2.4662592e+00  -7.9267480e-01   3.9742881e+04
  -1.9563606e+01   2.2652626e+00  -7.1536778e-01   7.0000000e+04
  -8.5051037e+00   2.5029835e+00  -9.8977985e-01   4.4828117e+04
  -7.5960157e+00   2.2381749e+00  -1.0912805e+00   4.0013644e+04
  -7.9327534e+00   2.4841170e+00  -1.0157439e+00   4.5691530e+04
  -6.5515156e+00   1.9057080e+00  -1.0493069e+00   4.2948616e+04
  -1.0403973e+01   2.2187940e+00  -1.2274868e+00   3.6744042e+04
  -8.5941799e+00   2.4981290e+00  -1.0021658e+00   4.4976201e+04
  -8.5661440e+00   2.2441897e+00  -1.1195369e+00   4.1414792e+04
  -9.7120218e+00   2.5627904e+00  -9.8708622e-01   4.4189017e+04
  -9.3082271e+00   5.5000000e+00  -1.0000000e-01   5.3020021e+04
  -1.3807392e+01   2.6663542e+00  -6.3610568e-01   3.2310042e+04
  -8.9479887e+00   2.4121935e+00  -1.0046274e+00   4.2306763e+04
  -1.2418014e+01   2.4097903e+00  -9.6522042e-01   4.0858950e+04
  -1.6201848e+01   2.1404615e+00  -1.0811720e+00   3.1601416e+04
  -2.1246039e+01   2.7713678e+00  -6.8027126e-01   3.3591583e+04
  -9.8144118e+00   2.3411117e+00  -1.0021005e+00   3.9061496e+04
  -9.2204568e+00   2.3448621e+00  -1.0158664e+00   4.0314429e+04
  -2.2349822e+01   2.3631500e+00  -9.9377906e-01   3.0548750e+04
  -1.7615355e+01   3.1922558e+00  -1.3828719e+00   5.6346449e+04
  -4.0000000e+01   5.5000000e+00  -9.4813713e-01   4.6141944e+04
  -9.8050425e-01   1.0000000e+00  -3.8538319e-01   4.3240485e+04
  -8.7311749e+00   2.4528065e+00  -1.1122728e+00   4.3758690e+04
  -6.0209412e+00   2.8781619e+00  -8.2351549e-01   4.8415047e+04
  -8.7321018e+00   2.3618488e+00  -1.1364332e+00   4.3289129e+04
  -1.4929807e+01   1.8433981e+00  -9.5784484e-01   4.1549311e+04
  -8.1046651e+00   2.3636975e+00  -1.0070248e+00   4.3347007e+04
  -8.3801773e+00   2.5185274e+00  -9.4195156e-01   4.5025858e+04
   0.0000000e+00   1.0000000e+00  -1.1532162e+00   4.6293906e+04
  -6.0740300e+00   2.0814208e+00  -7.9803090e-01   5.2429010e+04
  -8.3537382e+00   2.4650774e+00  -9.9704794e-01   4.4485034e+04
  -2.7428453e+01   2.7561827e+00  -1.0116576e+00   4.2333040e+04
  -9.1915254e+00   2.3222742e+00  -1.0585851e+00   4.0252420e+04
  -7.9532792e+00   2.5019886e+00  -9.9182837e-01   4.6089113e+04
  -7.7586011e+00   2.3830631e+00  -1.0630755e+00   4.4292809e+04
  -9.4292199e+00   2.4240167e+00  -1.0329297e+00   4.2940504e+04
  -7.3795808e+00   2.5137580e+00  -9.9907229e-01   4.7609422e+04
  -1.2939475e+01   2.5815222e+00  -1.0149191e+00   4.4264662e+04
  -1.2630219e+01   3.4047314e+00  -1.1438849e+00   0.0000000e+00
  -1.5236615e+01   2.3532759e+00  -9.4285826e-01   3.0853359e+04
  -7.8576654e+00   2.4773648e+00  -1.1160125e+00   4.9174698e+04
  -8.2826023e+00   2.4459986e+00  -9.9717282e-01   4.4708890e+04
  -7.7733902e+00   2.5874603e+00  -8.9686810e-01   4.7532686e+04
  -7.9737050e+00   2.4427496e+00  -9.8022165e-01   4.4881238e+04
  -3.0016483e+01   4.1659280e+00  -9.3330780e-01   4.0535089e+04
  -9.3171174e+00   2.4651863e+00  -1.1304835e+00   3.5167393e+04
  -9.8203019e+00   2.2412250e+00  -1.4200641e+00   3.9577716e+04
  -9.4452758e+00   2.2347660e+00  -1.1739579e+00   3.9156814e+04
  -8.2456346e+00   2.6310389e+00  -9.5143730e-01   4.7470486e+04
  -9.1039227e+00   2.5297033e+00  -1.0222078e+00   4.6619148e+04
  -9.3651862e+00   2.3450830e+00  -1.0529828e+00   4.0903167e+04
  -9.0254808e+00   2.4166179e+00  -1.0039431e+00   4.1146757e+04
  -1.4052320e+01   2.3793379e+00  -9.1930374e-01   3.3088017e+04
  -8.6786953e+00   2.4411178e+00  -1.1376698e+00   4.4141867e+04
  -6.8723733e+00   2.5381177e+00  -8.7165867e-01   4.6003998e+04
  -9.7813863e+00   2.3155981e+00  -1.2290739e+00   3.9710832e+04
  -1.6511228e+01   2.2057792e+00  -1.1926863e+00   3.8468818e+04
  -8.8201413e+00   2.3242558e+00  -1.0994677e+00   4.1507883e+04
  -7.1494244e+00   2.4437359e+00  -1.5000000e+00   4.5046316e+04
  -1.1373358e+01   2.2198199e+00  -1.0356655e+00   3.3045518e+04
  -1.1256459e+01   2.4923800e+00  -8.5010147e-01   3.7823678e+04
  -7.5382499e+00   2.5580884e+00  -9.5269024e-01   4.7251690e+04
  -9.0225980e+00   2.4758794e+00  -6.1123259e-01   4.4267119e+04
  -8.5820135e+00   2.7134003e+00  -9.9843932e-01   4.7054464e+04
  -7.6820628e+00   2.7276614e+00  -9.1567396e-01   4.7720514e+04
   0.0000000e+00   1.0000000e+00  -1.5000000e+00   4.4485561e+04
  -7.7436792e+00   2.4516230e+00  -9.6489678e-01   4.4424498e+04
  -5.6316891e+00   2.9251124e+00  -9.2553864e-01   2.1487414e+04
  -1.0532580e+01   2.2480982e+00  -1.1194452e+00   3.5470620e+04
  -8.2093847e+00   2.4999689e+00  -9.6303498e-01   4.5222237e+04
  -1.1943114e+01   1.2180262e+00  -1.5000000e+00   5.6134287e+04
  -1.2488522e+01   2.0230930e+00  -1.2796884e+00   5.2933373e+04
  -7.4021862e+00   2.5506574e+00  -9.9114220e-01   4.4344607e+04
  -7.6379059e+00   2.5779283e+00  -1.0233643e+00   4.8807032e+04
  -2.0206162e+01   3.4250002e+00  -1.2637368e+00   7.0000000e+04
  -8.5734287e+00   2.3996122e+00  -9.9038916e-01   4.2862530e+04
  -8.7783163e+00   2.3635180e+00  -1.1609211e+00   4.3621074e+04
  -1.3230044e+01   5.0513253e+00  -1.4129291e+00   1.7465885e+04
  -1.5750083e+01   2.4644762e+00  -1.1835972e+00   3.2459746e+04
  -9.2974216e+00   2.3153508e+00  -1.1143034e+00   4.0821045e+04
  -1.0656834e+01   2.2882825e+00  -9.7905524e-01   3.5937802e+04
  -7.8034323e+00   2.2417316e+00  -1.4595931e+00   4.0485050e+04
  -7.7751362e+00   2.5276183e+00  -9.4706331e-01   4.5960466e+04
  -8.1786087e+00   2.4417534e+00  -9.4927861e-01   4.3939655e+04
  -8.2968162e+00   2.3780023e+00  -9.6097612e-01   4.2967285e+04
  -8.5898761e+00   2.3717580e+00  -1.0106224e+00   4.3010337e+04
  -6.9062650e+00   2.8440459e+00  -1.2449022e+00   5.5182083e+04
  -8.8495614e+00   2.4151090e+00  -1.0166868e+00   4.2480980e+04
  -6.2124880e+00   2.5484619e+00  -1.0786635e+00   4.6876765e+04
  -8.1776402e+00   2.4087766e+00  -9.6923110e-01   4.4044241e+04
  -6.1830353e+00   2.2644441e+00  -9.2806319e-01   7.0000000e+04
  -6.9310941e+00   2.6795762e+00  -9.8112026e-01   4.9245198e+04
  -9.7168700e+00   2.3335707e+00  -9.0378691e-01   3.8342581e+04
  -9.0613952e+00   2.2961678e+00  -1.1570696e+00   3.6705860e+04
  -8.9232573e+00   2.1560173e+00  -1.0291057e+00   3.9723809e+04
  -9.8486759e+00   2.4461108e+00  -1.0704407e+00   4.6017334e+04
  -9.4575275e+00   2.3773707e+00  -1.0108634e+00   4.1111107e+04
  -8.6437726e+00   2.4181225e+00  -1.0299084e+00   4.3140340e+04
  -8.2408273e+00   2.5274066e+00  -9.1467066e-01   4.6060083e+04
  -7.6866289e+00   2.6302818e+00  -9.0910431e-01   4.6802919e+04
  -7.3298480e+00   3.0825798e+00  -1.0063795e+00   4.9704237e+04
  -8.7797526e+00   2.3352748e+00  -1.0260810e+00   4.1031821e+04
  -8.7062333e+00   2.5914516e+00  -1.1187112e+00   4.1979987e+04
  -8.5805478e+00   2.4119680e+00  -9.8150343e-01   4.2942916e+04
  -9.9370360e+00   2.2761919e+00  -1.1441404e+00   3.8655272e+04
  -8.4648473e+00   2.4238276e+00  -1.0079728e+00   4.3525439e+04
  -2.0070550e+01   2.5850182e+00  -1.0688968e+00   1.2224595e+04
  -7.8396466e+00   2.4700975e+00  -9.8237783e-01   4.5488776e+04
  -1.1257715e+01   2.3055282e+00  -1.1612348e+00   3.6166489e+04
  -9.4361605e+00   2.4188935e+00  -1.1242219e+00   4.2619713e+04
  -1.0132297e+01   2.3014897e+00  -1.1244695e+00   3.7886481e+04
  -8.7520488e+00   2.5135126e+00  -9.1835325e-01   4.3942398e+04
  -9.5999305e+00   2.2977457e+00  -1.0949068e+00   4.0351218e+04
  -9.0900918e+00   2.3418583e+00  -1.0873484e+00   4.0980329e+04
  -9.5243931e+00   2.3003516e+00  -9.6263219e-01   3.8800441e+04
  -8.3887280e+00   2.3729956e+00  -1.1233631e+00   4.3395945e+04
  -1.0274694e+01   1.8773122e+00  -1.1448616e+00   4.5389234e+04
  -1.0114603e+01   2.5091807e+00  -9.3553973e-01   4.1424327e+04
  -7.9426281e+00   2.4692073e+00  -1.1775583e+00   4.2776976e+04
  -8.7868024e+00   3.2861195e+00  -5.2365801e-01   7.0000000e+04
  -2.0106268e+01   1.9132054e+00  -1.1710464e+00   3.1408898e+04
  -8.3152143e+00   2.5567730e+00  -8.7886919e-01   4.5516055e+04
  -8.5831458e+00   2.2986212e+00  -1.1110443e+00   4.1270267e+04
  -3.5753777e+01   5.0345012e+00  -1.0000000e-01   3.9600556e+04
  -9.6705099e+00   2.3034742e+00  -1.0489956e+00   3.8816888e+04
  -1.1430563e+01   2.2328285e+00  -1.0608834e+00   3.3855170e+04
  -9.0977718e+00   2.4074336e+00  -9.9227437e-01   4.3060299e+04
  -8.5273187e+00   2.6377817e+00  -6.9260229e-01   4.8135932e+04
  -9.1911659e+00   2.4204619e+00  -1.0284335e+00   4.2045894e+04
  -9.1937266e+00   2.2518937e+00  -1.1707985e+00   3.9405088e+04
  -9.1298444e+00   2.3549871e+00  -1.0086190e+00   4.2186223e+04
  -4.0000000e+01   2.5408706e+00  -1.0000000e-01   4.5173279e+04
  -1.0678817e+01   2.2707590e+00  -1.0457948e+00   3.5828005e+04
  -8.8444384e+00   2.4335031e+00  -9.9086987e-01   4.2685697e+04
  -1.0227681e+01   2.3345281e+00  -9.7641750e-01   3.7224624e+04
  -1.0262730e+01   2.2828850e+00  -1.0094452e+00   3.7712347e+04
   0.0000000e+00   1.0000000e+00  -1.5000000e+00   6.4627016e+04
  -9.4174065e+00   2.2945773e+00  -1.1915722e+00   4.0348315e+04
  -8.4552026e+00   2.1748648e+00  -9.8859127e-01   4.7265359e+04
  -9.7365518e+00   2.2558697e+00  -1.1201226e+00   3.7880894e+04
  -7.9224372e+00   2.5118033e+00  -1.0389041e+00   4.6483426e+04
  -9.2081303e+00   2.3220765e+00  -1.1240520e+00   3.9813476e+04
  -8.6988724e+00   2.4527193e+00  -1.0021274e+00   4.3924481e+04
  -7.9727637e+00   2.3593051e+00  -1.0520236e+00   4.3766364e+04
  -9.9231570e+00   2.6498264e+00  -1.3072910e+00   5.1008114e+04
  -1.8710085e+01   1.8475806e+00  -1.2269540e+00   3.7711594e+04
  -9.6659840e+00   2.3103544e+00  -1.1654425e+00   3.8878653e+04
  -8.7084155e+00   2.4458762e+00  -1.0049587e+00   4.3615680e+04
  -8.3631379e+00   2.5082715e+00  -9.2678927e-01   4.4605170e+04
   0.0000000e+00   3.0222995e+00  -1.0000000e-01   6.6034044e+04
  -9.1433313e+00   2.3286987e+00  -1.0278106e+00   4.0046332e+04
  -4.0000000e+01   1.6642132e+00  -1.0000000e-01   2.7657063e+04
  -7.4730547e+00   2.3266640e+00  -9.3506042e-01   4.6803615e+04
  -7.9446552e+00   3.1485794e+00  -7.8381307e-01   5.2614718e+04
  -1.0723363e+01   3.1986554e+00  -1.2362334e+00   5.7025178e+04
  -7.9588947e+00   2.3382681e+00  -1.1891704e+00   4.1787503e+04
  -8.2984824e+00   2.4773355e+00  -9.9887024e-01   4.4833404e+04
  -8.6136496e+00   2.4336198e+00  -1.0610016e+00   4.3927913e+04
  -7.1002176e+00   2.5820126e+00  -8.7906822e-01   4.8459776e+04
  -5.8750376e+00   2.0733592e+00  -1.1433577e+00   5.4461833e+04
  -1.3841455e+01   2.3296724e+00  -7.6754083e-01   4.0619532e+04
  -4.9810006e+00   2.3219849e+00  -1.1347434e+00   3.4905146e+04
  -7.6135615e+00   2.3735808e+00  -1.0244632e+00   4.2906242e+04
  -7.0668105e+00   4.1624908e+00  -9.1244800e-01   4.5058053e+04
  -1.0264922e+01   2.2853011e+00  -1.1034183e+00   3.7226605e+04
  -8.3072114e+00   2.5421264e+00  -9.0552548e-01   4.5539195e+04
  -8.5757287e+00   2.3321396e+00  -1.0654203e+00   4.2193792e+04
  -9.6399310e+00   5.5000000e+00  -1.0690871e+00   4.4487406e+04
  -1.1073546e+01   2.3949923e+00  -1.0674383e+00   3.9555786e+04
  -1.8265824e+01   2.7567850e+00  -7.0558713e-01   3.2798371e+04
  -1.2640917e+01   1.0000000e+00  -1.5000000e+00   4.8684020e+04
  -1.3565699e+01   2.4857098e+00  -1.0149956e+00   3.3515667e+04
  -1.0110950e+01   2.4588718e+00  -8.7831498e-01   3.5408790e+04
  -1.1367591e+01   2.3550094e+00  -1.2690105e+00   4.1057511e+04
  -4.3819671e+00   3.4861381e+00  -8.0209830e-01   4.9619974e+04
