  -4.0000000e+01   2.7590212e+00  -4.7069800e-01   1.8496198e+04
  -8.5796986e+00   2.3248740e+00  -1.0192547e+00   4.1792298e+04
  -1.1065913e+01   2.2708649e+00  -1.0644160e+00   3.6374134e+04
  -9.3936406e+00   2.3217819e+00  -9.7051610e-01   3.9297473e+04
  -9.3919949e+00   2.2976360e+00  -9.4637522e-01   3.8650357e+04
  -8.9899117e+00   2.3100418e+00  -1.0236853e+00   4.0612631e+04
  -9.8698267e+00   2.2613064e+00  -1.2105435e+00   3.8861915e+04
  -9.7868652e+00   2.2107397e+00  -1.1639514e+00   3.8129884e+04
  -1.0710447e+01   2.2212193e+00  -9.8837835e-01   3.4272128e+04
  -1.1901154e+01   2.1653311e+00  -1.0212247e+00   3.4600629e+04
  -9.0943854e+00   2.6977577e+00  -1.0373368e+00   4.6595071e+04
  -2.9196683e+01   1.9555142e+00  -1.1428957e+00   3.7321606e+04
  -1.3112771e+01   1.6842379e+00  -1.1704095e+00   2.5869828e+04
  -8.2396173e+00   2.3205592e+00  -1.0479782e+00   4.2747525e+04
  -6.0632967e+00   2.4035750e+00  -1.1764297e+00   3.8404529e+04
   0.0000000e+00   4.2164041e+00  -1.2220491e+00   1.3562226e+04
  -9.5064544e+00   2.2891282e+00  -1.1574313e+00   4.4188814e+04
  -1.0656278e+01   2.1855781e+00  -1.0563608e+00   3.7839120e+04
  -8.6508398e+00   2.2287599e+00  -1.1143430e+00   4.2010535e+04
  -8.0622531e+00   2.2272083e+00  -1.0907184e+00   4.0625003e+04
  -9.4670122e+00   2.2870539e+00  -1.0303957e+00   3.8857893e+04
  -9.0524084e+00   2.3180281e+00  -1.0269983e+00   4.0475373e+04
  -1.7942086e+01   2.8433675e+00  -1.0576338e+00   4.1987051e+04
  -9.9679627e+00   2.0843161e+00  -1.2651326e+00   3.7822193e+04
   0.0000000e+00   1.0000000e+00  -1.5000000e+00   1.5781114e+04
  -2.9618848e+00   2.4042627e+00  -1.5000000e+00   7.0000000e+04
  -6.1621195e-01   2.2083864e+00  -1.3790048e+00   0.0000000e+00
  -8.4561705e+00   2.3138885e+00  -1.1646396e+00   4.2202438e+04
  -1.2411451e+01   2.6046973e+00  -9.9994969e-01   4.2517912e+04
  -8.6779391e+00   2.3412853e+00  -1.0400212e+00   4.1602123e+04
  -4.0000000e+01   5.5000000e+00  -1.0531244e+00   4.0043938e+04
  -9.7508355e+00   2.2447875e+00  -1.2493398e+00   3.6868232e+04
  -9.3941569e+00   2.2354441e+00  -1.1142140e+00   3.8046225e+04
  -9.4092303e+00   2.2427469e+00  -1.0458553e+00   3.6014684e+04
  -1.2452377e+01   2.4812556e+00  -1.1143228e+00   3.8494373e+04
  -9.0276558e+00   1.0000000e+00  -1.5000000e+00   1.4482867e+04
  -1.3741839e+01   2.6522331e+00  -6.3424107e-01   3.2295226e+04
  -1.3219416e+01   1.1585263e+00  -1.1642153e+00   3.5918671e+04
   0.0000000e+00   2.7210824e+00  -1.0900706e+00   5.0557546e+04
  -1.7410223e+01   2.0597580e+00  -1.0922076e+00   2.8011405e+04
  -5.8578905e+00   2.0194760e+00  -1.2051576e+00   3.6555629e+04
  -1.2470740e+01   1.9632576e+00  -9.1548390e-01   2.8045907e+04
  -9.7959195e+00   2.2507200e+00  -1.0764854e+00   3.7537749e+04
  -8.6670042e+00   2.2892823e+00  -1.0496099e+00   4.0051197e+04
  -1.3823793e+01   2.7789545e+00  -1.2484084e+00   4.8735823e+04
   0.0000000e+00   1.0000000e+00  -1.2246772e+00   4.5031960e+04
  -6.4453673e+00   2.4809687e+00  -1.0775220e+00   3.9231170e+04
  -8.8077279e+00   2.3838237e+00  -1.0532546e+00   4.1636695e+04
  -1.1288118e+01   1.9604636e+00  -1.3620618e+00   3.7942659e+04
  -9.2256665e+00   2.2735695e+00  -1.1797319e+00   4.0249106e+04
  -1.9803393e+01   1.2320050e+00  -8.0245222e-01   4.6419597e+04
  -8.3658209e+00   2.3311404e+00  -1.0311930e+00   4.2271056e+04
  -9.2652308e+00   2.2411626e+00  -1.3008235e+00   4.0202901e+04
  -4.0000000e+01   5.5000000e+00  -1.3309562e+00   4.5921067e+04
  -1.5183217e+01   2.4158503e+00  -1.2097690e+00   1.9145097e+04
  -9.0289382e+00   2.3427748e+00  -1.0221516e+00   4.0843148e+04
  -1.5908772e+01   3.4325828e+00  -3.2516575e-01   3.5363744e+04
  -9.2914567e+00   2.2775387e+00  -1.1291220e+00   3.9554045e+04
  -8.6664230e+00   2.3449626e+00  -1.0502614e+00   4.2187920e+04
  -9.2938496e+00   2.3802881e+00  -1.1831794e+00   4.1267095e+04
  -9.3651976e+00   2.3248753e+00  -1.0555641e+00   3.8436257e+04
  -8.8335535e+00   2.3159264e+00  -1.0403950e+00   4.0928278e+04
  -6.0361023e+00   1.8114546e+00  -1.0271871e+00   2.4633709e+04
  -1.3252159e+01   1.0000000e+00  -1.4608082e+00   7.0000000e+04
  -7.8238045e+00   2.3080664e+00  -1.1110849e+00   4.2291477e+04
  -9.5082236e+00   2.3496800e+00  -1.0341615e+00   3.8412608e+04
  -7.8644341e+00   2.3438744e+00  -1.0396474e+00   4.4483072e+04
  -9.5770311e+00   2.2392269e+00  -1.1004766e+00   3.8128875e+04
  -8.9773943e+00   2.2972333e+00  -1.0912505e+00   4.0458070e+04
   0.0000000e+00   1.0347005e+00  -1.1036497e+00   4.0016856e+04
  -7.9433908e+00   2.8526196e+00  -9.4061783e-01   3.3720423e+04
  -7.7807861e+00   2.2406559e+00  -1.1744219e+00   4.2275678e+04
  -9.1849944e+00   2.3170480e+00  -1.1071669e+00   3.9328028e+04
  -9.9515967e+00   2.2654016e+00  -1.1822468e+00   3.8059983e+04
  -8.4195505e+00   2.2805848e+00  -1.0772058e+00   3.8639302e+04
  -9.5675088e+00   2.3540881e+00  -9.6903712e-01   3.7695711e+04
  -9.1381567e+00   2.4842659e+00  -1.0176385e+00   4.0512892e+04
  -9.6909576e+00   2.3024197e+00  -1.2255806e+00   3.8299246e+04
  -9.2916604e+00   2.2952953e+00  -1.1594481e+00   4.0365818e+04
  -1.0079296e+01   2.3096913e+00  -1.2366352e+00   4.1268902e+04
  -9.4645573e+00   2.2533559e+00  -1.3343572e+00   3.8551895e+04
  -7.8209493e+00   2.3392023e+00  -1.0435254e+00   4.0619498e+04
  -9.2045904e+00   2.3245368e+00  -1.1422439e+00   4.1177887e+04
  -9.6587097e+00   2.2504763e+00  -1.4353867e+00   4.0942529e+04
  -1.0721051e+01   2.1035049e+00  -1.1278306e+00   3.1432826e+04
  -8.7028750e+00   2.2230276e+00  -1.1854106e+00   4.0007602e+04
  -9.2907197e+00   2.3114941e+00  -1.0307099e+00   3.9544361e+04
  -2.1986144e+01   2.1795268e+00  -1.5000000e+00   3.2262601e+04
  -9.3375896e+00   1.7080991e+00  -1.1494065e+00   4.4793944e+04
  -1.2035472e+01   1.9737068e+00  -1.0662185e+00   2.9514683e+04
  -4.0000000e+01   5.5000000e+00  -1.0000000e-01   4.4089329e+04
  -1.3692351e+01   2.3107864e+00  -1.2013041e+00   3.4913663e+04
  -7.3274741e+00   2.5960289e+00  -1.0093929e+00   3.1464642e+04
  -1.0313069e+01   2.1913154e+00  -1.1594454e+00   3.5724456e+04
  -9.0899957e+00   2.2842098e+00  -1.1649808e+00   4.0417190e+04
  -8.5647445e+00   2.5451472e+00  -9.3685609e-01   3.6902587e+04
  -1.0357977e+01   2.1777937e+00  -1.1706265e+00   4.3800678e+04
  -1.1119273e+01   2.1485185e+00  -1.1753629e+00   4.0007708e+04
  -1.3721247e+01   1.9212856e+00  -1.0860751e+00   2.1435264e+04
  -5.3326490e+00   2.1071915e+00  -4.8336002e-01   0.0000000e+00
  -9.1727543e+00   2.3164816e+00  -1.0097710e+00   3.9892730e+04
  -8.8694818e+00   2.5090477e+00  -1.0099703e+00   4.3169186e+04
  -1.2343243e+01   4.5500544e+00  -1.3913929e+00   2.1598454e+04
  -7.2085509e+00   2.2791046e+00  -1.1819680e+00   4.1719111e+04
  -9.5074790e+00   2.2663070e+00  -1.1752689e+00   3.9866510e+04
  -1.3164194e+01   2.7029473e+00  -9.3820096e-01   3.6266480e+04
  -8.3239163e+00   2.2308903e+00  -1.3886203e+00   4.0287628e+04
  -1.8460210e+01   2.5499465e+00  -1.0445354e+00   5.0951807e+04
  -8.0504161e+00   2.3246514e+00  -1.1351330e+00   4.2282484e+04
  -8.8293712e+00   2.3250826e+00  -1.0149392e+00   4.0990568e+04
  -8.5218930e+00   2.3197568e+00  -1.0847955e+00   4.1979652e+04
  -7.8274349e+00   2.5375845e+00  -1.2005858e+00   4.8831431e+04
  -8.3259591e+00   2.3506552e+00  -1.0467169e+00   4.2666881e+04
  -1.2339027e+01   2.1603281e+00  -1.0114813e+00   3.2436654e+04
  -8.7434404e+00   2.3220397e+00  -1.0281165e+00   4.1372263e+04
  -9.0776955e+00   2.3170103e+00  -1.0195597e+00   6.9859369e+04
  -1.1791174e+01   3.6488275e+00  -9.5480932e-01   3.3493021e+04
  -1.0328775e+01   2.2630833e+00  -9.1244175e-01   3.5666426e+04
  -7.2954613e+00   2.4543828e+00  -1.1549055e+00   3.7348489e+04
  -9.8147047e+00   1.8268416e+00  -1.0753951e+00   3.9195098e+04
  -1.1438316e+01   2.3066878e+00  -1.1590462e+00   4.5113827e+04
  -9.5728682e+00   2.3331953e+00  -8.7180978e-01   3.7910407e+04
  -9.2395075e+00   2.2675280e+00  -1.2177411e+00   4.0160190e+04
  -9.3970294e+00   2.2268737e+00  -1.1913195e+00   3.6811187e+04
  -9.5967832e+00   2.2418740e+00  -1.0864419e+00   3.9232706e+04
  -1.3014366e+01   1.4633438e+00  -1.1319399e+00   2.7154733e+04
  -1.4216231e+00   2.0925203e+00  -1.3405257e+00   5.2653919e+04
  -1.1930982e+01   1.9814348e+00  -9.0497643e-01   3.2413291e+04
  -9.2819457e+00   2.3062056e+00  -1.0002746e+00   3.9479857e+04
  -8.3999233e+00   2.3335987e+00  -1.0390036e+00   3.9798006e+04
  -9.2435118e+00   2.3237560e+00  -9.9182425e-01   3.9639005e+04
  -4.5121417e+00   1.0000000e+00  -1.5000000e+00   5.2512883e+04
  -9.3897016e+00   2.2919232e+00  -1.0515446e+00   3.9063008e+04
  -1.2817526e+01   2.3494242e+00  -1.1893750e+00   3.3531478e+04
  -8.4125772e+00   2.3408806e+00  -9.5661614e-01   4.1118432e+04
  -9.8891304e+00   2.2809276e+00  -1.3397034e+00   3.8344192e+04
  -8.7291136e+00   2.2863624e+00  -1.0158972e+00   4.0505858e+04
  -1.1595303e+01   2.0889070e+00  -1.1507006e+00   3.7101599e+04
  -1.0731481e+01   2.2834912e+00  -9.7363529e-01   3.5552721e+04
  -9.4755886e+00   2.2967888e+00  -9.5741018e-01   3.8903853e+04
  -7.2209005e+00   2.2021511e+00  -1.4297676e+00   4.4706089e+04
  -1.1007491e+01   1.6707340e+00  -1.2204389e+00   4.4963269e+04
  -6.8543333e+00   2.4254094e+00  -1.2109683e+00   4.7686425e+04
  -1.4004444e+01   2.0317917e+00  -1.0809325e+00   2.9206220e+04
  -8.6914612e+00   2.4061698e+00  -1.2843948e+00   5.7364289e+03
  -2.2721037e+01   1.7429941e+00  -1.2129911e+00   2.9726158e+04
  -8.6671127e+00   2.4485047e+00  -9.8909548e-01   4.3397331e+04
  -9.5927183e+00   2.2552109e+00  -1.1482911e+00   4.0261464e+04
   0.0000000e+00   1.0000000e+00  -1.5000000e+00   4.5884185e+04
  -1.0127047e+01   2.2244991e+00  -1.0999828e+00   3.6785231e+04
  -1.1257244e+01   2.3074800e+00  -1.1178907e+00   3.4231362e+04
  -6.9811957e+00   2.6025518e+00  -9.7991219e-01   4.1895632e+04
  -9.9292831e+00   2.1603577e+00  -1.3331590e+00   3.6045527e+04
  -1.0827504e+01   2.4644042e+00  -1.0489588e+00   4.0422844e+04
  -8.6198052e+00   2.2925830e+00  -1.1800735e+00   4.1544962e+04
  -5.8850617e+00   2.5148998e+00  -1.0863759e+00   5.0418023e+04
   0.0000000e+00   2.7063723e+00  -1.5000000e+00   5.3616704e+04
  -8.1307632e+00   2.2983160e+00  -1.0447395e+00   4.2150410e+04
  -9.1760626e+00   2.2977884e+00  -9.8446980e-01   3.9529711e+04
  -1.2089109e+01   2.0805756e+00  -1.1992288e+00   3.1042003e+04
  -1.0879640e+01   1.5399069e+00  -1.3903483e+00   4.4059641e+04
  -3.7606539e+01   5.1350854e+00  -3.6665799e-01   1.5445106e+04
  -9.5782664e+00   2.2505213e+00  -1.2486721e+00   4.0391644e+04
  -9.9981593e+00   2.4410765e+00  -1.0382794e+00   3.6367420e+04
  -1.0219133e+01   2.2266090e+00  -1.1118578e+00   3.6150369e+04
  -8.9271855e+00   2.3348622e+00  -9.9690147e-01   4.0819517e+04
  -9.3729156e+00   2.3016865e+00  -1.1412387e+00   3.9140896e+04
  -9.9904577e+00   2.2034950e+00  -1.2353656e+00   3.9285233e+04
  -8.6223704e+00   2.3350831e+00  -1.0318523e+00   4.1707950e+04
  -8.5043086e+00   2.2118471e+00  -1.0657369e+00   3.7595617e+04
  -7.2957507e-01   2.6585642e+00  -1.1919472e+00   4.1946051e+04
  -1.0168675e+01   2.2243291e+00  -1.2619125e+00   3.5440724e+04
  -9.2109528e+00   2.2875467e+00  -1.0954677e+00   3.9621044e+04
  -1.9749396e+01   1.6748448e+00  -9.1899811e-01   4.2674739e+04
  -1.5197390e+01   2.2685694e+00  -1.5000000e+00   5.0712436e+04
  -8.9236629e+00   2.3687110e+00  -1.0137150e+00   4.0378214e+04
   0.0000000e+00   2.7340556e+00  -1.5000000e+00   4.6800332e+04
  -6.5306613e+00   2.2127794e+00  -1.5000000e+00   4.9637114e+04
  -8.3799846e+00   2.8683279e+00  -8.9558059e-01   5.6542164e+04
  -9.2978551e+00   2.0403000e+00  -1.0823816e+00   3.3991994e+04
  -8.2166096e+00   2.2602227e+00  -1.2524785e+00   3.9952488e+04
  -1.0075500e+01   2.2254096e+00  -1.0951593e+00   3.6652323e+04
  -9.5366065e+00   2.2498912e+00  -1.1906641e+00   3.9001458e+04
  -1.0920283e+01   2.2899283e+00  -1.1147892e+00   3.6751186e+04
  -9.7096667e+00   2.3095973e+00  -1.0871367e+00   3.7900833e+04
  -3.2198356e+00   2.4248531e+00  -4.5372232e-01   4.2400706e+04
  -2.1155111e+01   2.7790564e+00  -5.6192414e-01   6.5062010e+04
  -7.1661098e+00   2.2790906e+00  -1.0573648e+00   4.1683314e+04
  -2.5044561e+01   1.0000000e+00  -1.0370687e+00   6.1130956e+04
  -9.8383999e+00   2.2631065e+00  -1.0335430e+00   3.7029771e+04
  -9.0076664e+00   2.3143441e+00  -1.0299002e+00   4.0457554e+04
  -8.4546830e+00   2.2718460e+00  -1.1462778e+00   4.1246092e+04
  -1.2721458e+01   1.0000000e+00  -1.0127943e+00   2.5644824e+04
  -5.2022823e+00   2.0874980e+00  -1.0440469e+00   3.9390616e+04
  -5.3760890e+00   2.2228773e+00  -1.2476647e+00   4.4873043e+04
  -2.1512291e+01   5.5000000e+00  -1.0000000e-01   4.7278885e+04
  -7.7963887e+00   2.2802171e+00  -1.0752476e+00   4.2564829e+04
  -1.0202728e+01   2.4626495e+00  -8.7207319e-01   3.4864446e+04
  -1.0885887e+01   2.3745956e+00  -1.2082926e+00   4.1655842e+04
  -1.4035286e+01   1.1993975e+00  -1.2486864e+00   3.4791236e+04
