  -5.4056849e+00   2.5153337e+00  -8.4272793e-01   3.6215838e+04
  -1.0641263e+01   2.2150142e+00  -1.2130820e+00   3.5289949e+04
  -1.0525257e+01   2.2498596e+00  -1.1257468e+00   3.6924933e+04
  -1.0347552e+01   2.2827875e+00  -9.4934961e-01   3.6217769e+04
  -9.8584439e+00   2.2732717e+00  -1.1239448e+00   3.8257278e+04
  -1.2031848e+01   2.1364790e+00  -9.2999779e-01   3.2223775e+04
  -9.9129337e+00   2.2105027e+00  -1.1484340e+00   3.8239559e+04
  -9.5536388e+00   2.3779119e+00  -9.2517477e-01   3.8464690e+04
  -1.2915303e+01   2.1020641e+00  -9.4504645e-01   2.6221039e+04
  -1.1901493e+01   2.3008020e+00  -1.0689192e+00   3.3012171e+04
  -9.3020830e+00   1.7539845e+00  -1.0826856e+00   3.0766274e+04
   0.0000000e+00   1.8531837e+00  -1.0752505e+00   3.2365310e+04
  -1.4465943e+01   1.3080481e+00  -7.9261090e-01   2.2132868e+04
  -1.0150500e+01   2.2826937e+00  -1.0489014e+00   3.6964426e+04
  -8.2701296e+00   1.0000000e+00  -1.2272623e+00   3.5707659e+04
  -4.0000000e+01   4.5520247e+00  -1.0000000e-01   2.9751134e+03
  -8.8840248e+00   2.2729589e+00  -1.0328998e+00   3.3977957e+04
  -1.1711881e+01   2.1174529e+00  -1.0527387e+00   3.5821777e+04
  -1.3269469e+01   2.9229800e+00  -1.1227379e+00   3.9581646e+04
  -1.4444864e+01   2.8443775e+00  -1.0255842e+00   4.0104034e+04
  -1.0095933e+01   2.2296469e+00  -1.1045542e+00   3.6717486e+04
  -8.6875229e+00   2.3139480e+00  -1.0416597e+00   3.8714553e+04
   0.0000000e+00   1.0000000e+00  -1.1994788e+00   5.3160060e+04
  -9.5855556e+00   2.3236993e+00  -1.0389503e+00   3.8329330e+04
  -4.0000000e+01   5.5000000e+00  -1.0000000e-01   3.4874954e+04
  -9.3929211e+00   2.3343655e+00  -9.6267933e-01   5.6077639e+04
  -4.0000000e+01   2.0875143e+00  -1.0000000e-01   7.0000000e+04
  -1.0217844e+01   2.2495800e+00  -9.7889759e-01   3.6485600e+04
  -1.1034555e+01   2.3740064e+00  -1.1060820e+00   3.9039155e+04
  -1.0623468e+01   2.2195437e+00  -9.8259805e-01   3.5071883e+04
   0.0000000e+00   1.0000000e+00  -9.9949371e-01   3.5697336e+04
  -1.0311302e+01   2.1956694e+00  -1.0953244e+00   3.8183862e+04
  -9.2836375e+00   2.2090034e+00  -1.0393468e+00   3.6559179e+04
  -9.5078522e+00   2.1386679e+00  -1.0402777e+00   3.3184271e+04
  -8.5749432e+00   2.1692814e+00  -1.0828130e+00   3.7841767e+04
  -1.0286623e+01   5.5000000e+00  -1.0000000e-01   7.0000000e+04
  -1.2635708e+01   2.4372388e+00  -6.1584501e-01   3.2365854e+04
  -1.2324580e+01   1.5231413e+00  -1.1419211e+00   3.5774513e+04
  -2.9086423e+00   2.6105010e+00  -1.1619547e+00   6.5661709e+04
  -1.5563329e+01   2.0637097e+00  -1.0611086e+00   2.7020588e+04
  -1.4401966e+01   2.1637129e+00  -9.8446490e-01   2.7968585e+04
  -1.0861892e+01   2.0916486e+00  -8.8370061e-01   3.3893300e+04
  -1.0038893e+01   2.2258402e+00  -1.1378034e+00   3.6833413e+04
  -2.0526608e+01   2.1552426e+00  -1.0764950e+00   2.7652404e+04
  -3.7393445e+00   1.6821132e+00  -8.8997636e-01   2.8546133e+04
  -3.5279498e+01   5.4067535e+00  -1.1842669e+00   6.4378193e+04
  -3.8324062e+00   2.1606770e+00  -9.3342652e-01   3.9268347e+04
  -8.7870046e+00   2.4365248e+00  -1.1638951e+00   4.3383484e+04
  -1.3214572e+01   1.7686022e+00  -1.0780793e+00   3.5227967e+04
  -9.7925721e+00   2.2714201e+00  -1.0421164e+00   3.6370999e+04
  -8.3112126e+00   2.4250196e+00  -1.2289034e+00   3.5189668e+04
  -9.1747963e+00   2.2910100e+00  -1.0786306e+00   3.9866051e+04
  -1.0156035e+01   2.2829350e+00  -1.0577050e+00   3.6845916e+04
   0.0000000e+00   1.0000000e+00  -5.9312952e-01   3.9608707e+04
  -8.7486637e+00   2.0269350e+00  -9.8286188e-01   4.1085705e+04
  -1.0075789e+01   2.2352827e+00  -1.0210130e+00   3.6428018e+04
   0.0000000e+00   3.2718738e+00  -4.9438125e-01   3.5742245e+04
  -9.1310049e+00   2.2755208e+00  -1.2204499e+00   4.0321565e+04
  -1.0555107e+01   2.2388895e+00  -1.0221085e+00   3.5480507e+04
  -1.1700194e+01   2.5531011e+00  -9.8835523e-01   3.8888334e+04
  -1.0136974e+01   2.2711102e+00  -1.1074872e+00   3.6673381e+04
  -1.2317919e+01   2.0810117e+00  -1.0381024e+00   2.8625187e+04
  -5.0260476e+00   1.7836596e+00  -1.0023495e+00   2.4001343e+04
  -9.5730170e+00   3.0037711e+00  -8.2340340e-01   0.0000000e+00
  -1.3819579e+01   2.1910418e+00  -1.0388342e+00   3.0582315e+04
  -9.2520253e+00   2.3184934e+00  -1.1779810e+00   4.0837884e+04
  -1.0754206e+01   2.2111358e+00  -1.1601987e+00   3.4588705e+04
  -1.0470935e+01   2.2098154e+00  -1.1644709e+00   3.5702686e+04
  -1.1069113e+01   2.1870136e+00  -1.1994404e+00   3.4094948e+04
  -9.6792611e+00   2.1483315e+00  -1.0984292e+00   3.5573442e+04
  -1.1491956e+01   1.4026048e+00  -1.3657886e+00   4.7177914e+04
  -1.1222489e+01   2.3543675e+00  -1.1204102e+00   3.7342014e+04
  -1.0222178e+01   1.8623453e+00  -1.2341391e+00   3.9004276e+04
  -9.5923955e+00   1.9926572e+00  -1.0601888e+00   3.3410199e+04
  -8.4741314e+00   2.2726903e+00  -1.1190398e+00   3.8764880e+04
  -9.9955845e+00   2.2767187e+00  -1.0448800e+00   3.7055321e+04
  -1.0371138e+01   1.8300055e+00  -1.0054350e+00   3.2252669e+04
  -1.2432948e+01   2.3561430e+00  -8.3552945e-01   3.6430254e+04
  -9.2427888e+00   2.2110787e+00  -1.2886680e+00   3.8979140e+04
  -1.2122919e+01   2.3384506e+00  -1.0732702e+00   3.8448950e+04
  -1.1348983e+01   2.2289726e+00  -1.1049485e+00   3.6844344e+04
  -8.4626042e+00   2.2887564e+00  -1.1002371e+00   3.7871838e+04
  -9.9934985e+00   2.3779030e+00  -1.1903988e+00   4.1247008e+04
  -1.5429925e+01   1.9123740e+00  -5.6998987e-01   3.2232559e+04
  -1.1650709e+01   2.2312304e+00  -1.0019461e+00   3.3968270e+04
  -7.4934539e+00   2.1564123e+00  -1.3145365e+00   4.1851083e+04
  -1.1625975e+01   2.1646529e+00  -1.0835674e+00   3.3370812e+04
  -7.5231846e+00   2.3012871e+00  -9.8323237e-01   3.8289341e+04
  -8.5362940e+00   1.6362882e+00  -8.8785570e-01   2.9292057e+04
  -1.0690364e+01   1.9618994e+00  -1.1458539e+00   3.4702123e+04
   0.0000000e+00   1.0000000e+00  -1.5000000e+00   4.0210925e+04
  -1.5009405e+01   2.3333922e+00  -1.2177770e+00   3.4097033e+04
  -4.7520053e+00   3.1447674e+00  -7.8897768e-01   1.6029801e+04
  -8.6222236e+00   2.2145600e+00  -1.1503718e+00   4.1571016e+04
  -1.0191394e+01   2.1906118e+00  -1.1883713e+00   3.6361225e+04
  -1.0824763e+01   1.6927764e+00  -1.3295288e+00   4.6056065e+04
  -2.9341001e+00   2.8732399e+00  -6.9019538e-01   1.9213706e+04
  -1.2981712e+01   2.0598102e+00  -1.0572284e+00   3.9552920e+04
  -1.1909602e+01   2.0587708e+00  -9.0880442e-01   2.7045615e+04
  -3.5032836e+01   4.4861403e+00  -1.4470106e+00   6.7383594e+04
  -1.0005380e+01   2.2931393e+00  -1.0302602e+00   3.7254409e+04
  -8.9848206e+00   2.4609955e+00  -1.1338169e+00   4.3282883e+04
  -1.1367809e+01   3.2553716e+00  -1.1131417e+00   2.9575134e+04
  -1.4319045e+01   2.2738820e+00  -1.4070315e+00   3.0236057e+04
  -9.6370660e+00   2.2237668e+00  -1.2634996e+00   3.9025160e+04
  -7.9005885e+00   1.8554306e+00  -1.1652911e+00   3.6287028e+04
  -9.9173938e+00   2.2543422e+00  -1.0906574e+00   4.0541823e+04
  -5.8948234e+00   2.1860492e+00  -1.0712387e+00   3.2657672e+04
  -1.0736719e+01   2.2271313e+00  -8.2453598e-01   3.7346831e+04
  -1.0186919e+01   2.2241258e+00  -1.1495234e+00   3.6522495e+04
  -8.5376019e+00   2.3555642e+00  -1.1521473e+00   4.1162073e+04
  -1.2592740e+01   1.4798301e+00  -4.9690385e-01   1.6962513e+04
  -8.9350898e+00   2.3524323e+00  -1.0616582e+00   4.1334511e+04
  -1.3580171e+01   2.0952074e+00  -1.0008869e+00   2.8940228e+04
  -1.0139520e+01   2.2595006e+00  -1.1323933e+00   3.6976466e+04
  -1.5894123e+01   2.7255448e+00  -1.1991838e+00   0.0000000e+00
  -1.1946096e+01   1.0000000e+00  -1.0361035e+00   3.2055384e+04
  -1.0368829e+01   2.2527771e+00  -1.0081667e+00   3.5931766e+04
  -1.0132426e+01   2.1809422e+00  -1.1859636e+00   3.5237820e+04
  -9.8190270e+00   1.6969200e+00  -1.0929387e+00   3.6909038e+04
  -6.8152637e+00   2.2332461e+00  -1.1490837e+00   3.3928976e+04
  -1.0121568e+01   2.2971933e+00  -9.4322623e-01   3.7458334e+04
  -9.5965329e+00   2.2545444e+00  -1.2277208e+00   3.9170130e+04
  -1.0336925e+01   2.1841706e+00  -1.2417420e+00   3.4462490e+04
  -1.0510148e+01   2.1344955e+00  -1.1220917e+00   3.7751344e+04
  -1.2194991e+01   2.2719868e+00  -1.1094087e+00   3.1064766e+04
  -9.0014986e+00   2.2545591e+00  -1.0480692e+00   3.9034857e+04
  -1.0920375e+01   1.9640304e+00  -7.4842542e-01   3.7727930e+04
  -1.0114028e+01   2.2632858e+00  -1.0313246e+00   3.6839457e+04
  -9.8788865e+00   2.2542229e+00  -1.1533432e+00   3.7964339e+04
  -1.0145229e+01   2.3096919e+00  -9.4361996e-01   3.6909578e+04
  -1.7319686e+01   2.7891026e+00  -1.0229795e+00   1.8236825e+04
  -1.1969691e+01   2.1500878e+00  -1.1031016e+00   3.1185189e+04
  -1.2073512e+01   2.2654109e+00  -1.2125922e+00   3.3954334e+04
  -1.0024342e+01   2.2398479e+00  -1.2438771e+00   3.8646902e+04
  -9.9531839e+00   2.2158854e+00  -9.6708836e-01   3.6795032e+04
  -8.4125973e+00   2.3545018e+00  -1.1633550e+00   4.3345893e+04
  -1.3568909e+01   1.9423150e+00  -1.1158936e+00   3.5610952e+04
  -1.0159268e+01   2.2576158e+00  -1.0776409e+00   3.6931028e+04
  -9.9133735e+00   2.3114658e+00  -9.9455982e-01   3.7748209e+04
  -1.0463125e+01   2.2772529e+00  -9.9145067e-01   3.6102215e+04
  -8.0147604e+00   1.9642365e+00  -1.1346623e+00   3.5115436e+04
  -1.4015088e+01   1.8855355e+00  -8.1950660e-01   2.0552945e+04
  -8.3618034e+00   2.3630365e+00  -1.2192488e+00   4.0278782e+04
  -8.9296232e+00   4.0742981e+00  -3.5565465e-01   7.0000000e+04
  -3.9548563e+00   2.4995072e+00  -1.0554434e+00   4.2651764e+04
  -9.5980608e+00   2.1620804e+00  -1.2806994e+00   3.7792240e+04
  -1.2122589e+01   2.1698046e+00  -1.2225843e+00   3.8070218e+04
  -3.2237538e+01   4.1470573e+00  -1.5577456e-01   2.8237561e+04
  -1.0181793e+01   2.1924848e+00  -1.1472933e+00   3.6632561e+04
  -1.0262256e+01   2.2482775e+00  -9.7763249e-01   3.6274176e+04
  -1.1717435e+01   2.1492068e+00  -1.0156762e+00   3.7493831e+04
  -1.1141340e+01   2.2504387e+00  -1.2085883e+00   3.6016277e+04
  -1.0927750e+01   2.4023328e+00  -1.1005998e+00   3.9044563e+04
  -1.1854494e+01   2.0624292e+00  -1.0630942e+00   2.9363137e+04
  -8.4669149e+00   2.3712971e+00  -1.0315882e+00   4.3859427e+04
  -4.0000000e+01   1.1471391e+00  -1.0000000e-01   4.5355758e+03
  -1.0156668e+01   2.2717224e+00  -1.0472559e+00   3.7046198e+04
  -9.3691788e+00   2.1413670e+00  -9.7375684e-01   3.6379897e+04
  -1.0548500e+01   2.2082154e+00  -1.1528170e+00   3.6791519e+04
  -1.1060669e+01   1.9753335e+00  -1.1430949e+00   3.7697841e+04
  -3.5280673e+01   4.8092434e+00  -3.4827073e-01   7.0000000e+04
  -9.0297626e+00   2.2882793e+00  -9.8439942e-01   3.8447040e+04
  -1.0399067e+01   2.2423553e+00  -1.0583312e+00   3.6215301e+04
  -1.1482770e+01   2.1510630e+00  -1.0889625e+00   3.1633113e+04
  -1.0532113e+01   2.3269468e+00  -8.5417387e-01   3.6274209e+04
  -1.0095614e+01   2.2377291e+00  -1.1829938e+00   3.6780120e+04
  -9.4239898e+00   2.2539853e+00  -1.0463954e+00   3.5425385e+04
  -1.0342474e+01   2.2749773e+00  -9.7699129e-01   3.6321599e+04
  -8.6796270e+00   2.1530654e+00  -9.1518784e-01   3.3423537e+04
  -2.3345436e+01   1.6564135e+00  -9.9277778e-01   3.6890918e+04
  -1.0481965e+01   2.2123503e+00  -1.2405247e+00   3.6437571e+04
  -8.9853639e+00   2.3289277e+00  -1.0307496e+00   3.9851112e+04
  -1.6669904e+00   2.9628978e+00  -1.4652610e+00   3.6251093e+04
   0.0000000e+00   1.9870045e+00  -1.0000000e-01   5.8052470e+04
  -9.8397379e+00   2.1899713e+00  -1.0754281e+00   3.8048822e+04
  -4.0000000e+01   1.6971428e+00  -1.0000000e-01   2.8343149e+04
  -5.1698256e+00   2.0364262e+00  -7.1078808e-01   5.3826206e+04
  -1.0177037e+01   1.1832714e+00  -1.4014583e+00   3.7386163e+04
  -8.8257088e+00   1.9209160e+00  -1.0240061e+00   3.1984157e+04
  -1.4574945e+01   2.1172204e+00  -1.1413926e+00   3.3034585e+04
  -1.0774222e+01   2.1929351e+00  -1.0484780e+00   3.4177351e+04
  -9.9045785e+00   2.2375232e+00  -1.0529525e+00   3.6452513e+04
  -1.0564643e+01   2.2439259e+00  -1.1641059e+00   3.6453032e+04
  -1.2364094e+01   2.4817186e+00  -1.2168388e+00   2.7386719e+04
  -1.7628490e+00   2.4530498e+00  -1.5000000e+00   4.1324973e+04
  -5.3857562e+00   2.0211497e+00  -1.3203581e+00   2.4222645e+04
  -1.2338162e+01   2.4053069e+00  -9.5267030e-01   4.0183690e+04
  -2.4931378e+00   3.1016760e+00  -1.5000000e+00   2.3272811e+04
  -9.7141417e+00   2.2449834e+00  -1.0824514e+00   3.7066377e+04
  -9.5862831e+00   2.2138085e+00  -1.2062322e+00   3.8015457e+04
  -1.0235831e+01   2.1967780e+00  -1.0496507e+00   3.6379889e+04
  -1.0701762e+01   4.2310785e+00  -1.0754842e+00   3.5867237e+04
  -1.0833018e+01   2.3156533e+00  -1.0920385e+00   3.8095837e+04
  -1.6941128e+01   2.4629100e+00  -1.0828765e+00   2.9738186e+04
  -5.2271712e+00   1.0000000e+00  -1.5000000e+00   3.3590908e+04
  -1.0880163e+01   2.2399946e+00  -1.1272789e+00   3.5324930e+04
  -1.0341692e+01   2.2631551e+00  -8.0998342e-01   3.6445573e+04
  -8.1732515e+00   2.1170704e+00  -1.0696644e+00   3.5660965e+04
  -1.2721569e+01   1.5875128e+00  -1.2262809e+00   3.5581240e+04
