   0.0000000e+00   1.7054162e+00  -1.3470251e+00   2.8179479e+04
  -1.0772041e+01   2.2048769e+00  -1.2777041e+00   3.5107527e+04
  -9.1128747e+00   2.2484219e+00  -1.3677785e+00   3.8542754e+04
  -1.1743150e+01   2.1147569e+00  -1.1930331e+00   3.1103737e+04
  -1.1182180e+01   2.1769506e+00  -1.4345354e+00   3.5427515e+04
  -1.5998754e+01   1.6785825e+00  -9.3749271e-01   2.1987175e+04
  -1.4088197e+01   2.7431368e+00  -5.5106489e-01   2.0092172e+04
  -9.7936374e+00   2.8781274e+00  -2.3660967e-01   3.8357047e+04
  -1.3342609e+01   1.9527937e+00  -1.1276933e+00   3.0421272e+04
  -7.1246488e+00   1.0000000e+00  -1.0590358e+00   1.2344111e+04
  -1.2826993e+01   4.6615039e+00  -8.0439844e-01   6.8968090e+04
  -4.0000000e+01   3.3431959e+00  -6.8029355e-01   4.1135442e+04
  -1.8513568e+01   1.0000000e+00  -9.1707176e-01   7.1626123e+03
  -1.3610596e+01   2.4185545e+00  -1.1342390e+00   2.8822310e+04
  -2.2313178e+01   4.2883470e+00  -8.7672327e-01   3.8423041e+04
  -4.0000000e+01   3.2890747e+00  -5.0164810e-01   4.1703996e+03
  -6.5867095e+00   2.2432015e+00  -8.6567175e-01   8.8418454e+03
  -1.1161869e+01   2.1549837e+00  -1.2461712e+00   3.4467755e+04
  -1.6277556e+01   5.4263482e+00  -1.1967419e+00   7.0000000e+04
  -4.0000000e+01   5.5000000e+00  -1.5000000e+00   7.0000000e+04
  -1.1251319e+01   2.1670189e+00  -1.2401247e+00   3.3504146e+04
  -3.4216327e+01   1.3486647e+00  -1.2861413e+00   5.9548308e+03
  -1.8292755e+01   2.8921943e+00  -1.2000433e+00   2.7020859e+04
  -1.1688847e+01   1.8695563e+00  -1.3142425e+00   3.3981616e+04
   0.0000000e+00   1.0000000e+00  -1.5000000e+00   4.1152917e+04
  -1.0008908e+01   1.3975099e+00  -5.5881225e-01   1.1488062e+04
  -4.0000000e+01   2.0993547e+00  -1.0000000e-01   7.0000000e+04
  -1.1628402e+01   1.8337172e+00  -1.2214692e+00   3.2171239e+04
  -2.0208436e+01   3.3540467e+00  -1.0032176e+00   5.0409728e+04
  -1.3176092e+01   2.2658175e+00  -1.1387701e+00   2.8494725e+04
  -4.0000000e+01   5.5000000e+00  -1.0020976e+00   4.8796092e+04
  -1.1433069e+01   2.0097017e+00  -1.1581568e+00   4.0069324e+04
  -1.1516267e+01   2.2650351e+00  -1.2916674e+00   3.6540082e+04
  -1.3402467e+01   2.1411635e+00  -1.2100376e+00   1.9371683e+04
  -1.6294559e+01   2.5453924e+00  -1.1654198e+00   3.2499666e+04
  -7.9413136e+00   5.5000000e+00  -1.0000000e-01   7.0000000e+04
  -4.0000000e+01   5.5000000e+00  -2.0824669e-01   0.0000000e+00
  -2.4769496e+00   4.5005753e+00  -8.2162317e-01   4.3769896e+04
  -2.4713481e+01   1.5837670e+00  -1.1582742e+00   6.9964040e+04
  -2.0736431e+01   2.1565940e+00  -1.3053047e+00   3.6013618e+04
  -7.3538764e+00   1.7702206e+00  -1.2359745e+00   2.5014414e+04
  -1.2157952e+01   2.0592182e+00  -1.0996805e+00   2.9928253e+04
  -1.0988921e+01   2.2831852e+00  -1.3208723e+00   3.7189004e+04
  -3.7281578e+01   5.5000000e+00  -1.0000000e-01   7.0000000e+04
  -2.7644324e+01   3.8182847e+00  -1.4152980e+00   5.6410929e+04
  -1.9549011e+01   3.4570467e+00  -1.2739187e+00   1.3573094e+03
  -1.7677315e+01   2.8557825e+00  -1.0000000e-01   2.9084302e+04
  -1.3342063e+01   2.1706027e+00  -1.1398616e+00   2.6435407e+04
  -1.4757612e+01   1.5757216e+00  -1.3095601e+00   3.3730029e+04
  -1.1845097e+01   2.1508669e+00  -1.2457761e+00   3.3794335e+04
  -8.7344706e+00   2.4277831e+00  -1.3414454e+00   2.2167775e+04
  -1.1744529e+01   2.0996357e+00  -1.2065407e+00   3.0705081e+04
  -1.1287734e+01   2.1702383e+00  -1.2336276e+00   3.3275624e+04
  -4.0000000e+01   5.5000000e+00  -1.9104930e-01   3.7805694e+04
  -1.7752621e+01   1.0000000e+00  -1.3370851e+00   1.7759755e+04
  -1.2446898e+01   1.9981260e+00  -1.1039087e+00   2.7308663e+04
  -4.0000000e+01   2.4105996e+00  -1.0989588e+00   3.2763094e+04
  -1.1644387e+01   2.2078529e+00  -1.1613554e+00   3.2016131e+04
  -1.3235544e+01   2.0188742e+00  -1.0172247e+00   2.1346732e+04
  -8.6457983e+00   1.5217163e+00  -1.1800990e+00   2.8049179e+04
  -1.1851155e+01   2.0956998e+00  -1.2294713e+00   3.5067848e+04
  -1.0775740e+01   2.1660722e+00  -1.2908971e+00   3.4550242e+04
   0.0000000e+00   1.2616932e+00  -1.3355671e+00   2.3429819e+04
  -1.3325112e+01   3.0448963e+00  -7.7663441e-01   4.9304262e+04
  -1.4464305e+01   2.2091161e+00  -1.1059298e+00   3.0441498e+04
  -1.2917896e+01   4.7833178e+00  -1.0596552e+00   2.7467005e+04
  -7.3554718e+00   2.2896774e+00  -7.3108010e-01   5.2626728e+04
  -1.1663733e+01   2.5492834e+00  -1.3561757e+00   3.9276395e+04
  -1.0941620e+01   2.1971363e+00  -1.2716164e+00   3.4984374e+04
  -4.0000000e+01   5.5000000e+00  -1.0779938e+00   3.3185436e+04
  -7.5202104e+00   3.8145352e+00  -7.3913526e-01   1.7192078e+04
  -1.3174178e+01   2.2573302e+00  -1.1798640e+00   3.1488562e+04
  -2.2978981e+01   2.5790022e+00  -1.3878773e+00   5.2132193e+04
  -9.4567083e+00   3.0311068e+00  -1.3464141e+00   5.4429692e+04
  -1.8188227e+01   2.2418675e+00  -1.3426632e+00   3.8509057e+04
  -1.3379980e+01   1.4502096e+00  -1.2286541e+00   3.1756089e+04
  -1.2617085e+01   3.3597733e+00  -1.2572675e+00   3.9276070e+04
  -1.7041378e+01   2.4299684e+00  -6.2982297e-01   3.6568086e+03
  -8.4541869e+00   1.8938451e+00  -1.3401538e+00   3.0095929e+04
  -2.5421666e+01   2.5017449e+00  -6.8316090e-01   4.8148979e+04
  -1.1443902e+01   2.2015042e+00  -1.2867966e+00   3.6125069e+04
  -1.9661763e+01   1.9939179e+00  -1.0991023e+00   3.2850340e+04
  -1.0289118e+01   2.3909872e+00  -1.4049104e+00   4.3878319e+04
  -1.6618637e+01   1.8481809e+00  -8.1394603e-01   2.5119198e+04
  -1.5499858e+01   2.4059402e+00  -9.2488210e-01   3.5851179e+04
  -1.1416540e+01   2.0349193e+00  -1.2478503e+00   3.0018826e+04
  -1.6171695e+01   1.5088533e+00  -1.1028333e+00   2.4410382e+04
  -3.8635030e+01   2.2117881e+00  -1.3716509e+00   1.5408525e+04
  -1.1047360e+01   3.0519999e+00  -1.2334564e+00   3.3630839e+04
  -1.3721369e+01   2.1571956e+00  -1.0141156e+00   2.3595110e+04
  -4.0000000e+01   5.5000000e+00  -1.0000000e-01   3.7578428e+04
  -2.5321009e+01   2.7399748e+00  -1.1817579e+00   3.3282180e+04
  -3.3396264e+00   3.4244523e+00  -7.5608011e-01   3.5055184e+03
  -9.4528871e+00   1.8767230e+00  -1.2575902e+00   3.6695998e+04
  -1.4292121e+01   2.0057388e+00  -1.0416187e+00   2.3530830e+04
  -7.7197272e+00   3.9732707e+00  -6.2761301e-01   8.9125031e+03
  -4.6281168e+00   2.7071436e+00  -8.5631654e-01   2.1699377e+04
  -1.6513117e+01   1.8934527e+00  -8.8144665e-01   3.8468153e+04
  -1.3535032e+01   2.2215678e+00  -1.1630760e+00   3.0504214e+04
  -4.0000000e+01   5.5000000e+00  -9.6556245e-01   1.5998534e+04
  -1.1116725e+01   2.0906468e+00  -9.2257031e-01   3.3747509e+04
  -1.0826882e+01   3.1607746e+00  -4.9191062e-01   3.6614054e+04
  -1.2110719e+01   2.6674827e+00  -1.2176859e+00   2.8489008e+04
  -1.0247525e+01   2.0994705e+00  -1.2338376e+00   3.1809672e+04
  -7.7641952e+00   2.1743784e+00  -1.3349291e+00   3.2371117e+04
  -1.5496917e+01   3.3012830e+00  -6.3013884e-01   4.0454891e+04
  -1.2398867e+01   2.0886915e+00  -1.0802075e+00   3.3072847e+04
  -4.0000000e+01   3.0161831e+00  -7.9364903e-01   7.0000000e+04
  -3.7979483e+00   3.0331534e+00  -5.3573187e-01   3.4103050e+04
  -1.0944653e+01   2.1929636e+00  -1.2623020e+00   3.4656732e+04
  -1.1702860e+01   2.0490191e+00  -1.1631322e+00   2.2165321e+04
  -1.2399663e+01   1.4601758e+00  -5.8622983e-01   1.7560791e+04
  -1.0100465e+01   2.2031226e+00  -1.0143354e+00   4.7111292e+04
  -1.6682040e+01   2.1483604e+00  -1.1207964e+00   3.2977029e+04
  -1.0156920e+01   2.0467378e+00  -1.2027518e+00   3.4509662e+04
  -1.3559252e+01   2.6112818e+00  -1.5000000e+00   3.1988359e+03
  -1.1024129e+01   2.4226810e+00  -1.2823957e+00   3.3844495e+04
  -1.2002254e+01   2.1352461e+00  -1.1580875e+00   3.0319559e+04
  -1.3633413e+01   1.8955083e+00  -9.6657112e-01   4.4447602e+04
  -8.4148905e+00   2.6879510e+00  -1.1599874e+00   3.6751060e+04
  -1.9227857e+01   2.3578439e+00  -9.5943510e-01   4.8276665e+04
  -1.9074916e+01   2.0732975e+00  -5.2247092e-01   3.0343216e+04
  -1.0759586e+01   2.2575406e+00  -1.3029817e+00   3.4485412e+04
  -1.1100536e+01   2.1786549e+00  -1.2569405e+00   3.4352775e+04
  -1.2638395e+01   1.8305446e+00  -1.0519692e+00   4.1018705e+04
  -1.7914535e+01   1.0000000e+00  -1.3701275e+00   1.4365620e+04
  -2.0655688e+01   2.5130395e+00  -8.0710374e-01   1.9694381e+04
  -1.1662954e+01   2.3404430e+00  -1.3470063e+00   2.8262148e+04
  -1.1007242e+01   2.2167057e+00  -1.2219488e+00   3.4682598e+04
  -8.0906230e+00   2.2724246e+00  -1.2639976e+00   3.0807014e+04
  -1.0716601e+01   2.1642414e+00  -1.2490440e+00   3.5854584e+04
  -4.0289970e+00   5.3225408e+00  -1.0000000e-01   5.3160200e+04
  -1.0039651e+01   2.2754093e+00  -1.3593294e+00   3.5864927e+04
  -4.4185982e+00   1.2844780e+00  -1.2061960e+00   3.5482028e+04
  -8.6616591e+00   2.2441340e+00  -1.3838761e+00   3.4189947e+04
  -1.0627640e+01   2.2701637e+00  -1.2853662e+00   3.6426810e+04
  -1.2412142e+01   2.3619247e+00  -1.3077865e+00   3.4754461e+04
  -4.9828114e+00   2.7242890e+00  -1.0871139e+00   3.7286560e+04
  -1.5319124e+01   2.8516418e+00  -9.6619328e-01   3.7681240e+04
  -1.0868545e+01   1.9068035e+00  -1.2684502e+00   3.3086629e+04
  -8.9106578e+00   2.2230937e+00  -1.1981172e+00   3.9683636e+04
  -1.4529970e+01   3.9853737e+00  -1.0962535e+00   3.5230211e+04
  -9.4983212e+00   1.1316703e+00  -9.3211151e-01   9.7182623e+03
  -1.9566833e+01   1.3047296e+00  -1.0559620e+00   1.5521384e+04
  -1.1047863e+01   3.0253136e+00  -1.0000000e-01   7.0000000e+04
  -1.1366602e+01   2.1923155e+00  -1.1122106e+00   3.0948576e+04
  -9.3864325e+00   1.1275265e+00  -1.0841469e+00   1.8963324e+04
  -3.3146921e+01   1.6456088e+00  -1.1622541e+00   3.4932910e+04
  -2.3779327e+01   3.5566726e+00  -4.3577380e-01   3.5415529e+04
  -1.2028553e+01   2.2098976e+00  -1.1849958e+00   3.0777333e+04
  -1.1228854e+01   2.4295177e+00  -1.2085509e+00   3.5788678e+04
  -1.8442972e+01   1.1225911e+00  -1.3517024e+00   3.0811825e+04
  -2.3542673e+01   2.9256188e+00  -1.6510793e-01   5.9018969e+04
  -1.0855837e+01   1.8288041e+00  -1.0660108e+00   2.5155675e+04
  -1.1757115e+01   1.8352646e+00  -9.5652536e-01   2.3357050e+04
  -1.1491971e+01   2.1569331e+00  -5.3906598e-01   1.7634356e+04
  -2.2258538e+01   1.2462519e+00  -6.8847965e-01   7.9997488e+03
  -1.8145992e+01   2.6461433e+00  -9.2110067e-01   2.7860143e+04
  -1.2833850e+01   2.3358005e+00  -1.2255272e+00   3.2150622e+04
  -1.2969161e+01   2.0223240e+00  -1.1411145e+00   2.8842078e+04
  -6.2211849e+00   3.6124504e+00  -1.1225301e+00   3.3477282e+04
  -4.0000000e+01   5.1381525e+00  -1.0000000e-01   7.0000000e+04
  -1.5297059e+01   2.2794718e+00  -1.1690546e+00   3.4387453e+04
  -1.0057179e+01   1.9179173e+00  -1.1423404e+00   3.9300451e+04
  -1.0684762e+01   2.1540894e+00  -1.0773758e+00   3.0662599e+04
  -1.1892654e+01   2.1678926e+00  -1.0000000e-01   3.1725381e+04
  -1.1231529e+01   2.2336045e+00  -1.3594880e+00   3.3044817e+04
  -2.8033826e+00   2.5476519e+00  -4.8411041e-01   2.0095095e+04
  -1.2354306e+01   2.1042415e+00  -1.1451928e+00   2.9377223e+04
  -6.0544091e+00   1.8645690e+00  -8.7299323e-01   2.5901135e+04
  -1.4471379e+00   2.5789520e+00  -1.2883223e+00   2.5599985e+04
  -1.1155483e+01   2.1851992e+00  -1.2750759e+00   3.5958934e+04
  -1.2275086e+01   2.1169602e+00  -1.1804706e+00   3.1322997e+04
  -2.0584979e+01   1.2699031e+00  -9.2433400e-01   3.7120290e+04
   0.0000000e+00   2.5419648e+00  -7.1332444e-01   7.0000000e+04
  -1.1844365e+01   2.2774910e+00  -1.2517408e+00   3.1181086e+04
   0.0000000e+00   2.0407155e+00  -1.3765467e+00   1.6320277e+04
  -1.1721771e+00   1.7916540e+00  -4.9840340e-01   6.8980836e+04
  -8.7827139e+00   3.6108785e+00  -8.1818678e-01   4.8659592e+04
  -1.5587044e+01   3.4201081e+00  -1.1998241e+00   5.1298381e+04
  -8.5745917e+00   2.1738936e+00  -1.0602528e+00   3.0490977e+04
  -1.4785738e+01   2.0333825e+00  -9.5018792e-01   2.1726917e+04
  -1.0919601e+01   2.2742014e+00  -1.2846472e+00   3.7939036e+04
  -5.6427443e+00   1.7186419e+00  -1.3877371e+00   2.8591328e+04
  -1.3357452e+01   2.2922336e+00  -1.2505124e+00   2.5099782e+04
  -1.5934472e+01   2.0783379e+00  -8.2478498e-01   3.2102492e+04
  -1.5859774e+01   2.4895858e+00  -8.3998442e-01   4.9063000e+04
  -2.5405891e+01   2.7712565e+00  -8.3708833e-01   3.8964423e+04
  -3.0360355e-01   2.9504861e+00  -9.1076955e-01   2.5663720e+04
  -1.1366864e+01   2.1427561e+00  -1.2107709e+00   3.2386364e+04
  -1.2236600e+01   2.1884406e+00  -1.1536218e+00   3.3012397e+04
  -5.2919299e+00   3.0401355e+00  -9.0352820e-01   4.5665628e+04
  -1.7927735e+00   1.0000000e+00  -6.9164940e-01   1.7890642e+04
  -2.5619498e+01   3.2191833e+00  -1.0770532e+00   4.2369173e+04
  -2.1743326e+01   2.5793959e+00  -7.5593329e-01   2.4754949e+04
  -2.0042353e+01   5.5000000e+00  -1.0000000e-01   4.7547590e+04
  -1.0958281e+01   2.0413506e+00  -1.2301934e+00   3.1259290e+04
  -1.8486658e+01   3.3293919e+00  -1.6007912e-01   5.7160151e+02
  -2.1200030e+01   3.9170915e+00  -9.2367805e-01   5.2153412e+04
  -6.6593056e+00   2.8856386e+00  -1.2550146e+00   4.3517940e+04
