  -1.4019464e+01   3.0385568e+00  -3.3743769e-01   2.1428524e+04
  -1.0668700e+01   2.1978144e+00  -1.2862666e+00   3.5613185e+04
  -1.0639116e+01   2.2350064e+00  -1.2677030e+00   3.7577573e+04
  -9.8155251e+00   2.2129166e+00  -1.2958320e+00   3.7815661e+04
  -1.1797542e+01   2.0627139e+00  -5.9395624e-01   2.5695552e+04
  -1.3045329e+01   1.9805495e+00  -1.2010703e+00   3.0228003e+04
  -8.9131955e+00   2.0519685e+00  -1.4996821e+00   4.2320770e+04
  -1.1772433e+01   1.5734877e+00  -9.5555004e-01   3.2674061e+04
  -1.1064826e+01   2.1877221e+00  -1.1994709e+00   3.3149089e+04
  -1.6537270e+01   1.3965549e+00  -1.1769485e+00   3.9393439e+04
  -1.1965418e+01   4.2609014e+00  -9.1085593e-01   6.4803780e+04
  -3.1322509e+01   3.0552334e+00  -8.8069613e-01   4.1533671e+04
  -1.1178418e+01   1.3400693e+00  -1.1984338e+00   3.3357691e+04
  -9.6131032e+00   2.1322788e+00  -1.2829680e+00   3.7904869e+04
  -1.2223388e+01   2.6356260e+00  -1.2261733e+00   3.8588068e+04
  -4.0000000e+01   4.2038769e+00  -1.8203942e-01   1.8985519e+04
  -1.6141763e+01   2.1286076e+00  -1.4632835e+00   5.5023538e+04
  -1.0760754e+01   2.1554055e+00  -1.2329507e+00   3.7153373e+04
  -2.1448470e+01   4.5864587e+00  -1.2372779e+00   5.6927505e+04
  -1.4369925e+01   2.8860827e+00  -1.2767956e+00   3.9104072e+04
  -9.8003118e+00   2.2341026e+00  -1.2967981e+00   3.8441419e+04
  -1.4245629e+01   2.0701075e+00  -1.3259085e+00   3.3010454e+04
  -4.0000000e+01   5.4228387e+00  -9.8295029e-01   0.0000000e+00
  -9.7045073e+00   2.3210987e+00  -1.2726007e+00   3.8235367e+04
   0.0000000e+00   1.0000000e+00  -1.5000000e+00   3.0337164e+04
  -1.1700316e+01   2.4409590e+00  -7.1588319e-01   0.0000000e+00
  -3.2404996e+01   2.1854845e+00  -4.0189341e-01   3.2107580e+04
  -9.3913361e+00   2.3018312e+00  -1.2671791e+00   3.9782393e+04
  -2.4192931e+01   3.8929014e+00  -9.2092382e-01   5.9038713e+04
  -1.3369601e+01   1.9201448e+00  -1.0802042e+00   2.6482443e+04
  -4.0000000e+01   5.5000000e+00  -1.0795931e+00   5.0086815e+04
  -1.0270748e+01   2.3084080e+00  -1.3211632e+00   3.1628428e+04
  -8.9264562e+00   2.1077280e+00  -1.2443951e+00   3.4725911e+04
  -8.9008135e+00   2.2338100e+00  -1.2847541e+00   4.3170711e+04
  -6.9012723e+00   1.9619811e+00  -1.2810934e+00   3.6668662e+04
  -1.1617046e+01   4.1436428e+00  -4.6769966e-01   4.2457854e+04
  -1.3795785e+00   1.2226990e+00  -1.4500526e+00   4.7621696e+04
  -5.8462863e+00   3.4303370e+00  -1.0538417e+00   4.0849662e+04
  -7.9950352e+00   2.3383105e+00  -1.3018495e+00   3.1870965e+04
  -8.3057823e+00   2.1546361e+00  -1.1158986e+00   3.0216461e+04
  -1.6515844e+01   2.4182025e+00  -1.0488090e+00   3.4283035e+04
  -1.1627456e+01   2.2353142e+00  -1.2782286e+00   3.2240523e+04
  -1.0437212e+01   2.2289770e+00  -1.2813463e+00   3.6809879e+04
  -2.2090771e+01   2.1954373e+00  -1.1681704e+00   2.7084587e+04
  -6.2422360e+00   1.8464305e+00  -1.2534464e+00   3.3286351e+04
  -3.2676266e+01   5.1795392e+00  -1.3529845e+00   2.1993771e+04
  -3.3093335e+01   5.1514017e+00  -1.3305089e+00   3.0075139e+04
  -9.2185820e+00   2.1855874e+00  -1.3072335e+00   4.0247923e+04
  -1.3492907e+01   1.7162794e+00  -1.3111547e+00   3.4758559e+04
  -1.0172199e+01   2.2193997e+00  -1.2864516e+00   3.7523179e+04
  -1.8582015e+01   1.3767631e+00  -9.6014516e-01   3.9109737e+04
  -1.0621182e+01   2.1981998e+00  -1.2558906e+00   3.5663973e+04
  -9.9347960e+00   2.2333369e+00  -1.2907688e+00   3.7987963e+04
  -4.0000000e+01   5.5000000e+00  -9.0450364e-01   1.7105465e+04
  -1.0183483e+01   1.5960795e+00  -1.1991826e+00   3.5507039e+04
  -1.0823857e+01   2.3816297e+00  -1.3153624e+00   3.8711216e+04
  -4.0000000e+01   2.2078057e+00  -1.3083333e+00   3.8100485e+04
  -1.2148832e+01   2.0302325e+00  -1.1979286e+00   2.8985899e+04
  -1.1587298e+01   2.1680228e+00  -1.2277836e+00   3.6210349e+04
  -1.0372425e+01   2.4705720e+00  -1.3222861e+00   4.0713475e+04
  -1.0856870e+01   2.1619579e+00  -1.2683802e+00   3.5987000e+04
  -1.1776944e+01   2.0699813e+00  -1.1759042e+00   3.0408088e+04
  -1.4026434e+01   2.3306014e+00  -1.1177116e+00   3.2505682e+04
  -1.2733978e+01   4.9123591e+00  -2.1003277e-01   7.0000000e+04
  -1.1056985e+01   2.1349760e+00  -1.1936542e+00   3.2372242e+04
  -1.4571018e+01   2.4381430e+00  -8.7171507e-01   1.2205856e+04
  -1.1412058e+01   2.2068300e+00  -1.4090569e+00   3.1662483e+04
  -9.3418066e+00   2.1010706e+00  -1.2718775e+00   3.7334127e+04
  -1.0970760e+01   2.1756091e+00  -1.3222960e+00   3.5799614e+04
  -4.0000000e+01   5.5000000e+00  -1.3261908e+00   3.8398000e+04
  -8.3762616e+00   3.1321202e+00  -9.5833795e-01   2.5990419e+04
  -1.3352283e+01   2.3199766e+00  -1.1997904e+00   3.2776139e+04
  -2.4573349e+01   2.2706494e+00  -1.4924343e+00   5.6885730e+04
  -1.1063334e+01   2.1428114e+00  -1.2174008e+00   3.3166635e+04
  -1.6295410e+01   2.0917248e+00  -1.1779131e+00   3.0533518e+04
  -9.4691662e+00   2.3061745e+00  -1.2876285e+00   3.7971102e+04
  -1.2284478e+01   3.9265120e+00  -1.2661702e+00   3.7493150e+04
  -1.9146666e+01   2.5716504e+00  -3.5456479e-01   3.3908490e+04
  -1.2027817e+01   2.3511487e+00  -1.1906569e+00   3.7780191e+04
  -1.8192696e+01   2.4827026e+00  -9.4919596e-01   4.0917418e+04
  -1.3114411e+01   2.1762992e+00  -1.3372817e+00   3.9989692e+04
  -8.5031844e+00   2.2656334e+00  -1.3056517e+00   3.7608884e+04
  -1.0205578e+01   2.1893410e+00  -1.2505789e+00   3.5603733e+04
  -1.3240488e+01   2.0319705e+00  -1.0666981e+00   3.3475383e+04
  -1.1010944e+01   2.0089338e+00  -1.2125060e+00   2.8060687e+04
  -9.2977329e+00   2.2113434e+00  -1.3512034e+00   3.9440118e+04
  -7.8689092e+00   2.4638142e+00  -1.3596383e+00   4.2328796e+04
  -1.5331174e+01   2.2344805e+00  -1.3473321e+00   3.4828851e+04
  -9.1613563e+00   3.0424984e+00  -1.1692566e+00   3.5283473e+04
  -1.1010008e+01   1.9933486e+00  -1.1974536e+00   3.3483027e+04
  -4.0000000e+01   5.5000000e+00  -1.0000000e-01   4.4104444e+04
  -5.3937575e+00   2.0555173e+00  -1.3133639e+00   3.8518998e+04
  -4.8203330e+00   2.9639694e+00  -1.0802248e+00   2.1932975e+04
  -9.7735275e+00   1.9425375e+00  -1.2640739e+00   3.5981681e+04
  -8.6883908e+00   2.2985845e+00  -1.3717179e+00   4.2306624e+04
  -1.1117229e+01   1.4849387e+00  -1.5000000e+00   4.9280106e+04
  -8.4518459e+00   2.3475659e+00  -1.2448894e+00   3.7118506e+04
  -1.3607340e+01   2.0205812e+00  -1.0710445e+00   4.1642195e+04
  -1.0924260e+01   1.8417579e+00  -1.0663766e+00   2.4516028e+04
  -3.1535005e+00   1.4221162e+00  -1.4509798e+00   4.8546776e+04
  -9.4186859e+00   2.1399958e+00  -9.5449350e-01   4.0045032e+04
  -8.3848622e+00   2.1087510e+00  -1.5000000e+00   4.4840152e+04
  -1.1649585e+01   3.2633715e+00  -1.3363041e+00   2.7882958e+04
  -1.7941617e+01   2.4009569e+00  -1.0356467e+00   3.3132881e+04
  -1.1211225e+01   2.2273044e+00  -1.2122617e+00   3.6301116e+04
  -1.0932696e+01   2.4354770e+00  -5.9456340e-01   3.8766418e+04
  -1.0320908e+01   2.1736176e+00  -1.2372246e+00   3.8593683e+04
  -4.8262113e+00   2.1096483e+00  -1.3382381e+00   3.2657906e+04
  -1.0807122e+01   2.0787811e+00  -8.2820989e-01   3.9451261e+04
  -9.7093982e+00   2.2242049e+00  -1.3039350e+00   3.8633552e+04
  -1.1726085e+01   2.1582861e+00  -1.1809103e+00   3.5664976e+04
  -9.8676990e+00   2.3556066e+00  -1.4008473e+00   3.9193835e+04
  -1.1578809e+01   2.1818903e+00  -1.1964072e+00   3.1531280e+04
  -1.5975717e+01   2.0935973e+00  -1.1236921e+00   3.1668236e+04
  -8.9440298e+00   1.9365527e+00  -1.1989782e+00   3.5973965e+04
  -1.3917503e+01   2.5312653e+00  -1.4347285e+00   3.9480153e+03
  -8.7173802e+00   3.8300045e+00  -1.5000000e+00   3.9166721e+04
  -9.4415977e+00   2.2518916e+00  -1.3294445e+00   3.9934345e+04
  -9.0123592e+00   2.6268076e+00  -1.1851146e+00   4.2684747e+04
  -9.5650962e+00   2.8649627e+00  -1.2577039e+00   3.7390928e+04
  -9.2934285e+00   2.0364302e+00  -1.2091363e+00   2.3365403e+04
  -1.2882680e+01   2.1496700e+00  -1.2624449e+00   3.3316934e+04
  -9.3724530e+00   2.2359145e+00  -1.3018902e+00   4.0323096e+04
  -9.0172737e+00   2.1957777e+00  -1.3377852e+00   3.6479723e+04
  -9.2846031e+00   2.3488130e+00  -1.3604961e+00   3.6232569e+04
  -9.8733601e+00   1.5561882e+00  -1.0519583e+00   3.5718091e+04
  -2.7136819e+01   2.7377008e+00  -5.2931917e-01   1.0147348e+04
  -1.2235059e+01   1.7511826e+00  -9.3447350e-01   3.3610143e+04
  -1.0014978e+01   2.1790281e+00  -1.3119795e+00   3.7290899e+04
  -1.1162289e+01   2.1586202e+00  -1.3201988e+00   3.8500083e+04
  -1.1720163e+01   2.1819228e+00  -1.1954512e+00   3.1347326e+04
  -1.9330586e+01   2.8698188e+00  -6.7375210e-01   1.3541576e+04
  -1.0566207e+01   2.1826008e+00  -1.2371971e+00   3.6432855e+04
  -1.3436839e+01   2.3060804e+00  -1.2936676e+00   3.2329278e+04
  -9.2312627e+00   2.2559160e+00  -1.3281621e+00   4.0084438e+04
  -1.0460997e+01   1.8611564e+00  -1.3069403e+00   3.3705474e+04
  -1.1020914e+01   1.5464672e+00  -8.1343401e-01   2.0081807e+04
  -5.8527304e+00   2.5812891e+00  -1.2127007e+00   4.0481653e+04
  -1.1142564e+01   2.1673552e+00  -1.2178289e+00   3.3591582e+04
  -1.0016910e+01   1.7578876e+00  -1.3356954e+00   3.4993788e+04
  -1.0529127e+01   2.2193189e+00  -1.3110134e+00   3.6592382e+04
  -1.6380723e+01   4.3775906e+00  -1.0719748e+00   3.9888820e+04
  -8.6523223e+00   1.1976580e+00  -6.5730784e-01   1.3971265e+04
  -8.3207558e+00   2.4966292e+00  -1.2772297e+00   4.0636124e+04
  -7.3088397e+00   3.3655241e+00  -1.0000000e-01   7.0000000e+04
  -6.7859135e+00   2.3389395e+00  -1.3595298e+00   4.1835025e+04
  -9.4452276e+00   2.2277157e+00  -1.3363236e+00   3.9651045e+04
  -8.2484777e+00   2.2505758e+00  -1.2185873e+00   3.9747281e+04
  -5.5613591e+00   1.4924621e+00  -1.5000000e+00   3.1007401e+04
  -1.1512798e+01   2.1508736e+00  -1.1940654e+00   3.1920259e+04
  -1.0996082e+01   2.4736269e+00  -1.2315506e+00   3.6758860e+04
  -6.5612850e+00   2.6090731e+00  -1.2625960e+00   3.8614910e+04
  -1.0554105e+01   2.1938241e+00  -1.2474376e+00   3.6322020e+04
  -1.3074644e+01   2.6376838e+00  -1.3897497e+00   4.2550026e+04
  -9.3013662e+00   2.2171216e+00  -1.3109724e+00   3.9100178e+04
  -1.2330046e+01   2.1103209e+00  -7.9072325e-01   4.0028593e+04
  -3.5727640e+01   1.1999011e+00  -3.3752438e-01   8.4617175e+03
  -1.1415569e+01   2.2584231e+00  -1.2064985e+00   3.4843369e+04
  -1.1105921e+01   2.4145734e+00  -1.3338891e+00   3.8462090e+04
  -9.0204263e+00   2.2298286e+00  -1.4126863e+00   4.3237915e+04
  -1.0468446e+01   2.4422335e+00  -1.0302293e+00   3.2668153e+04
  -3.0094447e+01   1.9799395e+00  -5.0903052e-01   2.6665301e+04
  -8.2607876e+00   2.2029023e+00  -1.3259475e+00   3.8742312e+04
  -1.1424148e+01   2.3099911e+00  -1.2248847e+00   3.2808694e+04
  -9.9389491e+00   2.1918752e+00  -1.2811074e+00   3.6930123e+04
  -1.1527027e+01   2.3403368e+00  -7.4068815e-01   3.4478933e+04
  -1.2117975e+01   1.9818207e+00  -8.8236632e-01   3.1014953e+04
  -1.0411857e+01   2.1938131e+00  -1.4055671e+00   4.0869962e+04
  -1.1986922e+01   2.1192104e+00  -1.1680652e+00   3.0587581e+04
  -4.0817215e+00   1.7551968e+00  -7.2117087e-01   2.2991011e+04
  -1.6282030e+01   1.9428806e+00  -1.1921059e+00   3.7933556e+04
  -7.8093942e+00   2.3108762e+00  -1.2331139e+00   2.9808321e+04
  -8.8774096e+00   2.2723797e+00  -1.3010398e+00   3.8353541e+04
  -1.5008339e+01   2.0932117e+00  -1.1282865e+00   3.9931484e+04
   0.0000000e+00   1.7734872e+00  -1.5000000e+00   7.0000000e+04
  -9.2811537e+00   2.1208036e+00  -1.2824131e+00   4.0635147e+04
   0.0000000e+00   2.3007192e+00  -1.5000000e+00   3.4294148e+04
  -1.3522395e+01   2.3530981e+00  -1.5000000e+00   2.6900495e+04
  -1.0393362e+01   2.4124433e+00  -1.1340014e+00   3.7030748e+04
  -1.2756612e+01   2.9005068e+00  -1.2700245e+00   4.6780468e+04
  -1.3901483e+01   2.0907466e+00  -1.2803370e+00   3.3296974e+04
  -8.3786980e+00   2.2743272e+00  -1.4112475e+00   4.3053546e+04
  -1.0635216e+01   2.2736112e+00  -1.2883960e+00   3.8656613e+04
  -1.2732332e+01   2.4427652e+00  -1.1865386e+00   3.9203554e+04
  -5.6111548e+00   1.6469608e+00  -1.0520979e+00   5.5325814e+04
  -7.9117479e+00   2.2473709e+00  -1.4756220e+00   3.7506848e+04
  -2.0131237e+01   2.8062232e+00  -4.8891491e-01   6.6825169e+04
  -2.4819964e+01   2.7820113e+00  -8.9584119e-01   4.1952941e+04
   0.0000000e+00   3.3843848e+00  -6.6203365e-01   1.7974433e+04
  -1.1450868e+01   2.1903267e+00  -1.2545723e+00   3.4773633e+04
  -1.0804926e+01   2.2431219e+00  -1.2242830e+00   3.6298867e+04
  -1.1130948e+01   1.9061353e+00  -1.3853232e+00   3.5421449e+04
  -8.1801337e+00   1.0000000e+00  -1.1901761e+00   3.4189373e+04
  -5.8775026e+00   1.9040148e+00  -1.3009266e+00   3.3829879e+04
  -1.7111992e+01   2.4380307e+00  -9.6609103e-01   2.9827608e+04
  -1.3544889e+01   5.5000000e+00  -1.0000000e-01   4.2205320e+04
  -9.7183011e+00   2.1356675e+00  -1.3095236e+00   3.6699547e+04
  -6.5035983e+00   1.7638137e+00  -1.5000000e+00   5.3608717e+04
  -9.8527288e+00   2.2533002e+00  -1.2911727e+00   3.7477721e+04
  -8.4832246e+00   2.3312267e+00  -1.4080496e+00   4.2486365e+04
