  -4.0000000e+01   2.8005352e+00  -3.7419976e-01   1.3917982e+04
  -8.0642595e+00   2.6890016e+00  -7.7290050e-01   4.7846097e+04
  -8.2013914e+00   2.6951075e+00  -7.5430520e-01   4.7573150e+04
  -8.2470712e+00   2.6653204e+00  -7.8056804e-01   4.7025006e+04
  -8.2901478e+00   2.6774837e+00  -7.7465228e-01   4.7077581e+04
  -8.4788722e+00   2.4663863e+00  -9.4283351e-01   4.3825649e+04
  -8.3610421e+00   2.6764180e+00  -7.6793890e-01   4.6889851e+04
  -8.6445978e+00   2.5363479e+00  -9.0366375e-01   4.4521169e+04
  -8.4223474e+00   2.6439697e+00  -7.9272535e-01   4.6272297e+04
  -6.8228509e+00   2.7498023e+00  -7.6363214e-01   5.1157221e+04
  -7.2877133e+00   2.3707443e+00  -7.4290118e-01   4.4443055e+04
  -1.1469993e+01   2.6808599e+00  -7.9833865e-01   4.6780913e+04
  -8.7207582e+00   2.5823353e+00  -7.8652249e-01   4.5229668e+04
  -8.4255160e+00   2.6324365e+00  -8.3463240e-01   4.6284429e+04
  -8.6856177e+00   2.6307678e+00  -6.6941429e-01   4.9185651e+04
   0.0000000e+00   3.9873324e+00  -1.5000000e+00   1.1379186e+04
  -7.6309591e+00   2.7769467e+00  -6.4842700e-01   5.0090463e+04
  -6.9784323e+00   2.8554683e+00  -6.7552178e-01   5.1488781e+04
  -8.0900582e+00   2.5992203e+00  -8.2282178e-01   4.6694274e+04
  -1.0189787e+01   2.7009247e+00  -9.9119611e-01   4.3990035e+04
  -8.4205512e+00   2.5485555e+00  -8.8495031e-01   4.5159846e+04
  -8.5773376e+00   2.6037594e+00  -8.0807842e-01   4.5032100e+04
  -7.6251550e+00   2.5719103e+00  -7.9861434e-01   4.7179551e+04
  -7.9342904e+00   2.7448729e+00  -7.2874606e-01   4.8513160e+04
   0.0000000e+00   1.0000000e+00  -1.5000000e+00   3.5125329e+04
  -8.0649109e+00   2.6783503e+00  -1.3238789e+00   6.5136818e+04
  -1.2407103e+01   2.6110431e+00  -6.9216901e-01   3.3944717e+04
  -8.3431071e+00   2.6640960e+00  -7.8184127e-01   4.6767040e+04
  -1.0668272e+01   2.3388866e+00  -1.1148660e+00   3.8699784e+04
  -8.2952079e+00   2.6689262e+00  -7.7048391e-01   4.6935621e+04
  -4.6678848e+00   2.0659579e+00  -9.3202156e-01   4.3658988e+04
  -8.5907400e+00   2.5732027e+00  -8.8522877e-01   4.5020705e+04
  -8.3957015e+00   2.6687543e+00  -7.7185563e-01   4.6676131e+04
  -8.3045509e+00   2.6503760e+00  -7.9620509e-01   4.6698423e+04
  -8.3177142e+00   2.6380396e+00  -8.2329001e-01   4.6690776e+04
  -8.2996640e+00   1.0000000e+00  -1.5000000e+00   4.8376149e+04
  -8.6054572e+00   2.6508232e+00  -7.8234750e-01   4.5906320e+04
  -8.3708788e+00   2.6325514e+00  -8.1618145e-01   4.6193555e+04
  -9.6461479e+00   2.3748159e+00  -1.5000000e+00   4.4299585e+04
  -8.3694380e+00   2.6996013e+00  -7.7997036e-01   4.8369062e+04
  -8.2273800e+00   2.6458593e+00  -7.9390796e-01   4.6581270e+04
  -9.0694035e+00   2.5138131e+00  -8.9827042e-01   4.2990976e+04
  -8.6151486e+00   2.6187038e+00  -8.0485023e-01   4.5393152e+04
  -1.5469656e+01   2.5286992e+00  -8.6257407e-01   3.8280509e+04
  -1.3045740e+01   2.8484543e+00  -1.2527835e+00   4.9953193e+04
   0.0000000e+00   1.0000000e+00  -7.9141718e-01   4.4830783e+04
  -8.8601552e+00   2.8215616e+00  -8.2853407e-01   4.7123884e+04
  -8.3901533e+00   2.6389744e+00  -8.2162995e-01   4.6446175e+04
  -1.4681723e+01   1.2888035e+00  -5.2152275e-01   2.9008768e+04
  -8.7827597e+00   2.5016264e+00  -9.3309757e-01   4.3641301e+04
  -8.4543579e+00   2.0357927e+00  -4.0236185e-01   5.8187792e+04
  -8.4291546e+00   2.5737912e+00  -8.4666650e-01   4.5328139e+04
  -8.3573327e+00   2.6583016e+00  -7.9467423e-01   4.6698022e+04
  -4.0000000e+01   5.5000000e+00  -1.0000000e-01   4.5395188e+04
  -1.1925762e+01   2.3586881e+00  -9.8046829e-01   3.1592198e+04
  -8.2297711e+00   2.6448771e+00  -8.0763323e-01   4.6847416e+04
  -1.3582199e+00   2.5244915e+00  -1.5000000e+00   4.8002869e+04
  -8.3936775e+00   2.6437723e+00  -8.0518353e-01   4.6408673e+04
  -8.3090661e+00   2.6666709e+00  -7.8192816e-01   4.6893172e+04
  -8.2741868e+00   2.6868080e+00  -7.8325961e-01   4.7264306e+04
  -1.0113464e+01   2.3362457e+00  -1.0797390e+00   3.8860065e+04
  -8.5582849e+00   2.6123680e+00  -8.0872506e-01   4.5492274e+04
  -1.0075751e+01   2.5514184e+00  -8.3329122e-01   4.2131095e+04
  -1.1252793e+01   2.6055217e+00  -6.7843387e-01   7.0000000e+04
  -8.0472964e+00   2.6761324e+00  -7.7327055e-01   4.7323211e+04
  -8.4382709e+00   2.6207818e+00  -8.3116313e-01   4.5972636e+04
  -8.1573361e+00   2.6732350e+00  -7.8491667e-01   4.7399816e+04
  -8.2877561e+00   2.6510481e+00  -7.9751948e-01   4.6753052e+04
  -8.2150364e+00   2.6460306e+00  -8.0291006e-01   4.6878807e+04
  -4.6318984e+00   2.7945876e+00  -6.0873296e-01   5.4546872e+04
  -8.4993057e+00   2.5968291e+00  -8.5863754e-01   4.5285039e+04
  -9.5553387e+00   2.3149568e+00  -1.2482712e+00   4.0455497e+04
  -8.5947631e+00   2.5774879e+00  -8.9070614e-01   4.4500259e+04
  -8.0629942e+00   2.6248893e+00  -8.6335070e-01   4.7279168e+04
  -8.4471331e+00   2.6152294e+00  -8.6212749e-01   4.6717879e+04
  -8.3946879e+00   2.6019194e+00  -8.3832446e-01   4.5858984e+04
  -8.3798647e+00   2.6110756e+00  -8.2848922e-01   4.6016491e+04
  -4.0000000e+01   2.5833420e+00  -8.9630153e-01   4.5793011e+04
  -8.1042225e+00   2.6967280e+00  -7.1891610e-01   4.7553068e+04
  -8.5702771e+00   2.6190200e+00  -8.3916615e-01   4.6071194e+04
  -8.2391851e+00   2.6809573e+00  -7.6584220e-01   4.7160760e+04
  -1.0284175e+01   2.5600726e+00  -8.7304668e-01   4.4961399e+04
  -8.3199630e+00   2.6514357e+00  -7.9927116e-01   4.6707981e+04
  -8.2352943e+00   2.6998217e+00  -7.4374874e-01   4.7405661e+04
  -8.2368202e+00   2.6486933e+00  -8.0757111e-01   4.6993728e+04
  -7.4289576e+00   2.7110360e+00  -7.7363883e-01   4.9645634e+04
  -8.2725694e+00   2.6515002e+00  -7.9770492e-01   4.6763143e+04
  -7.7746914e+00   2.7137415e+00  -8.4380995e-01   4.8160595e+04
  -8.2891923e+00   1.8227296e+00  -7.8456751e-01   4.7317915e+04
  -1.3920125e+01   1.7696597e+00  -1.0918166e+00   2.2055304e+04
  -3.6869376e+01   5.1532175e+00  -2.2696867e-01   4.6054380e+04
  -6.5378470e+00   2.5660890e+00  -8.2647148e-01   4.7490935e+04
  -1.1180163e+01   2.1881834e+00  -8.5694328e-01   5.7228363e+04
  -8.4821144e+00   2.6029990e+00  -8.3945053e-01   4.5662432e+04
  -8.2821434e+00   2.6403628e+00  -8.0437253e-01   4.6613027e+04
  -9.6288780e+00   2.1669143e+00  -1.0000000e-01   4.8474417e+04
  -1.0070377e+01   2.4346832e+00  -9.5631329e-01   5.0194815e+04
  -8.6370089e+00   2.5961714e+00  -8.3926763e-01   4.5863124e+04
  -8.5364471e+00   2.6904885e+00  -6.9892349e-01   4.6097467e+04
  -3.5815759e+01   1.5766318e+00  -6.5053085e-01   0.0000000e+00
  -8.3497347e+00   2.5886357e+00  -8.4971117e-01   4.5841449e+04
  -8.2980950e+00   2.6772302e+00  -7.5913956e-01   4.7024329e+04
  -8.7516475e+00   2.8852930e+00  -8.5115663e-01   4.4058466e+04
  -1.1530911e+01   2.4565089e+00  -1.1125822e+00   3.7882000e+04
  -8.4606978e+00   2.6431669e+00  -8.0091467e-01   4.6179101e+04
  -8.2801816e+00   2.7026158e+00  -7.6882751e-01   4.7476269e+04
  -5.8853198e+00   3.1583119e+00  -1.0000000e-01   5.4517170e+04
  -9.9903287e+00   2.5758973e+00  -9.1294564e-01   4.7189346e+04
  -8.3324293e+00   2.6790686e+00  -7.8076419e-01   4.7031140e+04
  -8.3155678e+00   2.6427085e+00  -7.9886026e-01   4.6550955e+04
  -8.2234721e+00   2.6328717e+00  -8.2132542e-01   4.6719796e+04
  -8.3256951e+00   2.5989612e+00  -7.9045031e-01   4.6069016e+04
  -8.2521257e+00   2.6600994e+00  -7.8543994e-01   4.6919127e+04
  -9.0179390e+00   2.5362506e+00  -8.7515495e-01   4.2892178e+04
  -8.2126920e+00   2.6633379e+00  -7.8203254e-01   4.7112718e+04
  -8.0690746e+00   2.6026047e+00  -8.1487983e-01   5.1328000e+04
  -8.6953800e+00   1.0000000e+00  -8.6172113e-01   4.4957859e+04
  -8.6176728e+00   2.5641082e+00  -8.4727049e-01   4.4728231e+04
  -2.5391641e-01   4.2090020e+00  -9.8342376e-01   3.3069164e+04
  -8.7424029e+00   2.3595331e+00  -9.3623123e-01   4.2414037e+04
  -9.0466462e+00   2.6000671e+00  -8.6879954e-01   4.6732780e+04
  -8.7111864e+00   2.5752064e+00  -8.0732722e-01   4.4456322e+04
  -8.3265916e+00   2.6390226e+00  -8.1741497e-01   4.6560098e+04
  -8.1255708e+00   2.6792081e+00  -7.6991488e-01   4.7465630e+04
  -9.4770246e+00   2.3507238e+00  -9.6873854e-01   4.1072398e+04
  -6.0408649e+00   3.2830346e+00  -6.3696043e-01   5.5567720e+04
  -8.3690093e+00   2.8186943e+00  -6.6934731e-01   4.9077220e+04
  -9.6560015e+00   2.4856099e+00  -8.9856448e-01   4.0790161e+04
  -8.0086774e+00   2.5844906e+00  -8.8739479e-01   4.6808004e+04
  -8.6783729e+00   2.5415260e+00  -8.9769808e-01   4.4416170e+04
  -8.2986451e+00   2.6693104e+00  -7.7821532e-01   4.6936111e+04
  -5.7323756e+00   5.5000000e+00  -1.6372644e-01   7.0000000e+04
  -8.0870801e+00   2.5527717e+00  -8.9772883e-01   4.6004926e+04
  -8.9646530e+00   2.4637685e+00  -9.5472108e-01   4.2856942e+04
  -9.9448280e+00   2.2338902e+00  -1.2315217e+00   3.8533112e+04
  -8.5411559e+00   2.5657275e+00  -8.9248684e-01   4.5191069e+04
  -8.4944480e+00   2.5977804e+00  -8.5916741e-01   4.5696203e+04
  -8.0674387e+00   2.7681707e+00  -6.7804785e-01   4.8734004e+04
  -8.2978625e+00   2.6653256e+00  -7.8018431e-01   4.6885706e+04
  -8.0334512e+00   2.7032970e+00  -7.4904498e-01   4.8138490e+04
  -8.5703669e+00   2.6187245e+00  -8.0094099e-01   4.5548957e+04
  -8.3467440e+00   2.6276119e+00  -8.0684334e-01   4.6559551e+04
  -8.2367638e+00   2.6685298e+00  -7.8249569e-01   4.7057004e+04
  -1.0649350e+01   2.1861142e+00  -1.3064078e+00   3.4142804e+04
  -8.2360988e+00   2.2882572e+00  -9.0492854e-01   5.6499354e+04
  -1.2762195e+01   2.2232744e+00  -1.0739911e+00   3.6990698e+04
  -8.6876202e+00   2.5540598e+00  -8.3755474e-01   4.4292835e+04
  -8.2783148e+00   2.6421599e+00  -8.0513263e-01   4.6663187e+04
  -2.8511788e+01   4.6911681e+00  -1.4628695e+00   3.8122797e+04
  -8.1462354e+00   2.6703124e+00  -7.8925056e-01   4.7429486e+04
  -8.5534824e+00   2.6372639e+00  -8.0414766e-01   4.5781895e+04
  -7.8209696e+00   2.7808891e+00  -6.9930001e-01   4.8559921e+04
  -1.0771460e+01   2.1790022e+00  -1.2343160e+00   3.6153255e+04
  -8.1959120e+00   2.6165863e+00  -8.2210864e-01   4.6407410e+04
  -8.4520013e+00   2.5823960e+00  -8.5735689e-01   4.5447754e+04
  -8.8171163e+00   2.4575201e+00  -9.2531432e-01   4.3651702e+04
   0.0000000e+00   2.2441667e+00  -1.5000000e+00   3.3945741e+04
  -8.4811731e+00   2.6386370e+00  -7.9694234e-01   4.6065451e+04
  -8.1662431e+00   2.6805621e+00  -7.6978306e-01   4.7409365e+04
  -9.6143050e+00   2.3438874e+00  -8.8906766e-01   3.6466408e+04
  -1.0507059e+01   2.2941736e+00  -9.9143806e-01   3.6697273e+04
  -5.9703118e+00   1.0000000e+00  -8.7088205e-01   6.3840108e+04
  -8.7414930e+00   2.4731422e+00  -8.2844222e-01   4.1799663e+04
  -9.1885598e+00   2.5212968e+00  -9.0022368e-01   4.1985493e+04
  -8.4573931e+00   2.6371559e+00  -8.0257145e-01   4.6101054e+04
  -8.2806780e+00   2.6448314e+00  -8.0923313e-01   4.6730352e+04
  -8.2115312e+00   2.6917755e+00  -7.5843529e-01   4.7468393e+04
  -8.4330590e+00   2.5913823e+00  -8.4786051e-01   4.5516325e+04
  -8.0293406e+00   2.6763144e+00  -7.8729565e-01   4.7788940e+04
  -9.9803456e+00   2.1768484e+00  -1.4127532e+00   3.8415271e+04
  -8.9561360e+00   2.6135348e+00  -8.2510628e-01   4.6024486e+04
  -9.1936601e+00   2.4984401e+00  -1.5000000e+00   4.2281326e+04
  -8.2717753e+00   2.6729406e+00  -7.7516002e-01   4.7052282e+04
  -8.5216128e+00   2.4339681e+00  -9.8595137e-01   4.3273545e+04
  -9.6898337e+00   2.6030090e+00  -1.0941798e+00   4.4108371e+04
  -7.7429670e+00   2.8751701e+00  -6.3292518e-01   5.1299487e+04
   0.0000000e+00   2.1737834e+00  -1.3255793e+00   3.5222094e+04
  -6.7279583e+00   2.2423900e+00  -1.5000000e+00   4.9211445e+04
  -8.2510033e+00   2.5474988e+00  -8.4698542e-01   4.5409837e+04
  -8.3182178e+00   2.6526623e+00  -7.9604667e-01   4.6703925e+04
  -7.6525266e+00   2.6689414e+00  -8.0442428e-01   4.7289801e+04
  -7.6862377e+00   2.6384347e+00  -8.7371675e-01   4.8420929e+04
  -8.2792138e+00   2.6747970e+00  -7.7308975e-01   4.7013413e+04
  -7.6075715e+00   2.6752267e+00  -7.9961355e-01   4.8760493e+04
  -6.3514603e+00   1.5163646e+00  -1.5000000e+00   5.0643302e+04
  -8.8028506e+00   2.6298862e+00  -8.2847040e-01   4.6483947e+04
  -8.3905143e+00   2.6781889e+00  -7.7245746e-01   4.7460074e+04
  -1.7160194e+01   2.4688706e+00  -8.6202012e-01   3.8067126e+04
  -9.4772020e+00   2.5336144e+00  -9.3946633e-01   4.5572063e+04
  -8.7764206e+00   2.5709483e+00  -8.6104341e-01   4.4445282e+04
  -8.4979056e+00   2.6378086e+00  -7.8756359e-01   4.5924048e+04
  -8.0780321e+00   2.7819156e+00  -6.9719921e-01   4.8783887e+04
  -1.2841344e+01   2.6361541e+00  -9.8330637e-01   2.8261537e+04
  -8.6506738e+00   2.6383016e+00  -8.1991611e-01   4.6187966e+04
  -7.1766253e+00   2.6337144e+00  -8.2529195e-01   4.8058227e+04
  -1.9907234e+01   5.5000000e+00  -1.0000000e-01   4.8162290e+04
  -1.0009793e+01   2.6903809e+00  -8.0110535e-01   4.3744021e+04
  -1.2785995e+01   2.0463239e+00  -8.0805728e-01   2.3479814e+04
  -5.6378254e+00   3.7866492e+00  -1.0000000e-01   7.0000000e+04
  -8.8238437e+00   2.1714151e+00  -8.6198040e-01   4.5167091e+04
