   0.0000000e+00   2.9193718e+00  -1.4765848e-01   7.3635256e+02
  -8.4203891e+00   2.5365759e+00  -8.8247073e-01   4.4948410e+04
  -8.8104997e+00   2.4947706e+00  -9.4039960e-01   4.3595930e+04
  -8.2579709e+00   2.6126888e+00  -8.4807396e-01   4.6439325e+04
  -8.2817185e+00   2.5593548e+00  -8.6678981e-01   4.5556774e+04
  -7.7192118e+00   2.6922446e+00  -8.2623262e-01   4.8628248e+04
  -8.1304646e+00   2.6503753e+00  -8.1783961e-01   4.7325291e+04
  -8.5022020e+00   2.5365370e+00  -9.0893034e-01   4.4641710e+04
  -8.5021870e+00   2.5580326e+00  -8.6220665e-01   4.4985921e+04
  -4.2063387e+00   2.9322662e+00  -6.7353143e-01   5.9738849e+04
  -7.3955378e+00   2.4226906e+00  -7.5730597e-01   4.5075435e+04
  -1.2867857e+01   3.1780269e+00  -8.2478543e-01   4.7867352e+04
  -7.6039977e+00   2.7241264e+00  -8.8200257e-01   4.8551323e+04
  -8.3758517e+00   2.6259831e+00  -8.4236591e-01   4.6323171e+04
  -8.9217915e+00   1.2864022e+00  -1.0341862e+00   3.9833619e+04
  -4.0000000e+01   3.3711180e+00  -1.0000000e-01   1.2229845e+04
  -7.7882109e+00   2.7234505e+00  -7.1806227e-01   4.9087685e+04
  -1.2576487e+01   1.9442007e+00  -1.2595008e+00   3.0613411e+04
  -7.9944544e+00   2.5684248e+00  -8.4329970e-01   4.6584275e+04
  -1.1169977e+01   2.7134314e+00  -1.1169802e+00   4.2282395e+04
  -8.4559009e+00   2.5003769e+00  -9.1909941e-01   4.4419442e+04
  -9.9684889e+00   2.0211517e+00  -1.1924644e+00   3.3439228e+04
  -9.3368702e+00   2.7848538e+00  -8.0042913e-01   4.6160411e+04
  -8.8283804e+00   2.4826396e+00  -9.1829291e-01   4.4076382e+04
  -4.0000000e+01   5.5000000e+00  -1.0000000e-01   2.0468207e+04
  -6.0359325e+00   2.4350817e+00  -1.5000000e+00   7.0000000e+04
  -1.6040979e+01   2.4815283e+00  -6.7100171e-01   4.0489159e+04
  -8.5249877e+00   2.6413515e+00  -8.0878718e-01   4.6268067e+04
  -9.6484837e+00   2.4610458e+00  -9.8821245e-01   4.1962298e+04
  -8.2261483e+00   2.7708657e+00  -6.5622350e-01   4.8409601e+04
  -4.8963678e+00   2.0075448e+00  -9.9368477e-01   4.3144398e+04
  -8.5136654e+00   2.5821565e+00  -8.6660884e-01   4.5513970e+04
  -8.5016712e+00   2.5563349e+00  -9.1211745e-01   4.5366028e+04
  -8.6369358e+00   2.1770534e+00  -1.1753814e+00   4.0785791e+04
  -8.4055499e+00   2.6130110e+00  -8.6919065e-01   4.6497571e+04
  -7.5399701e+00   5.5000000e+00  -1.0000000e-01   2.2633651e+04
  -1.0350340e+01   2.6086277e+00  -7.6080893e-01   4.0752942e+04
  -8.1644383e+00   2.6507343e+00  -7.9172456e-01   4.7414875e+04
  -1.0017981e+01   2.5206444e+00  -1.1999930e+00   4.2466159e+04
  -9.6155701e+00   2.6030864e+00  -8.4377680e-01   4.6012564e+04
  -1.1083093e+01   2.6274923e+00  -8.0259827e-01   4.2926728e+04
  -9.9843802e+00   2.2746595e+00  -1.1117613e+00   3.7626893e+04
  -7.7631418e+00   2.7129937e+00  -7.7096621e-01   4.9021269e+04
  -3.0242937e+01   2.0543328e+00  -1.1352498e+00   1.7869719e+04
  -3.6215117e+00   2.6384858e+00  -9.5217513e-01   4.6477118e+04
  -3.7108486e+01   5.5000000e+00  -7.7515291e-01   4.3705937e+04
  -8.8622045e+00   2.6347644e+00  -7.9570817e-01   4.8065745e+04
  -8.3576174e+00   2.5688006e+00  -9.3299077e-01   4.5993388e+04
  -7.1623971e+00   2.8282596e+00  -6.9542325e-01   4.9114025e+04
  -8.2314719e+00   2.5654260e+00  -9.3794025e-01   4.6976479e+04
  -2.0230500e+01   1.3296516e+00  -5.2627890e-01   5.4966409e+04
  -8.5320993e+00   2.4728897e+00  -9.2849612e-01   4.3784906e+04
  -8.1529624e+00   2.6406452e+00  -8.1752110e-01   4.7019771e+04
   0.0000000e+00   1.0000000e+00  -1.5000000e+00   4.6572671e+04
  -1.1425423e+01   2.2815464e+00  -9.7678911e-01   3.3234461e+04
  -8.1357763e+00   2.6198735e+00  -8.3955605e-01   4.6827821e+04
   0.0000000e+00   2.2755892e+00  -5.6034335e-01   4.5704052e+04
  -8.1386596e+00   2.6525452e+00  -8.0847451e-01   4.7206020e+04
  -8.3116926e+00   2.6493495e+00  -7.8961367e-01   4.6651725e+04
  -8.2678231e+00   2.5820080e+00  -8.0994558e-01   4.5801327e+04
  -7.7482909e+00   2.6531635e+00  -7.3723535e-01   4.5637730e+04
  -8.1351636e+00   2.6194096e+00  -8.3997687e-01   4.6797124e+04
  -8.6935995e+00   2.6184681e+00  -8.1566414e-01   4.5688404e+04
  -1.3074359e+01   1.9642589e+00  -8.2863087e-01   0.0000000e+00
  -9.2123231e+00   2.5994968e+00  -8.3375043e-01   4.4534836e+04
  -7.7244854e+00   2.7242289e+00  -7.4811682e-01   4.9497345e+04
  -8.2276371e+00   2.6836252e+00  -7.7296732e-01   4.7205448e+04
  -8.2062335e+00   2.6392189e+00  -8.1450167e-01   4.6844595e+04
  -8.1399193e+00   2.6078581e+00  -8.4238930e-01   4.6608378e+04
  -8.3086683e+00   2.6573425e+00  -1.0874153e+00   3.5569526e+04
  -8.8574143e+00   2.4486398e+00  -9.7876502e-01   4.3547339e+04
  -9.9330590e+00   2.1983179e+00  -1.4071237e+00   3.8457297e+04
  -8.1073868e+00   2.6600028e+00  -7.8662596e-01   4.7605018e+04
  -7.7769618e+00   2.6478741e+00  -7.0500340e-01   4.7425018e+04
  -8.3881088e+00   2.4443379e+00  -1.0250219e+00   4.2952316e+04
  -9.1390704e+00   2.4584299e+00  -9.0870143e-01   4.1710964e+04
  -8.3591754e+00   2.5834661e+00  -8.4819743e-01   4.5696686e+04
   0.0000000e+00   2.9800050e+00  -8.2516843e-01   6.6814326e+04
  -8.1645782e+00   2.6135734e+00  -9.0253783e-01   4.6992143e+04
  -6.8977456e+00   2.8389120e+00  -5.5306531e-01   5.0428049e+04
  -8.2345731e+00   2.6252962e+00  -8.3829444e-01   4.6670686e+04
  -9.3144784e+00   2.6588352e+00  -8.1444684e-01   4.7633038e+04
  -8.0844718e+00   2.6826055e+00  -7.7439581e-01   4.7657052e+04
  -8.2073097e+00   2.5197587e+00  -1.0222526e+00   4.5187466e+04
  -8.4787015e+00   2.5982835e+00  -8.3763565e-01   4.5565885e+04
  -6.7027415e+00   2.8213078e+00  -6.9994860e-01   5.3028258e+04
  -7.9086138e+00   2.6562174e+00  -8.2615943e-01   4.7752733e+04
  -7.5973777e+00   2.7771768e+00  -9.7896275e-01   4.9427976e+04
  -8.3373623e+00   1.0000000e+00  -8.8239683e-01   4.2004457e+04
  -1.3450711e+01   1.8098644e+00  -1.0954646e+00   2.3763116e+04
   0.0000000e+00   1.0000000e+00  -1.5000000e+00   4.4823491e+04
  -7.2368314e+00   2.4912764e+00  -9.0979582e-01   4.5604252e+04
  -1.7853667e+00   3.7870023e+00  -5.6026968e-01   0.0000000e+00
  -8.9198820e+00   2.4876391e+00  -9.3602894e-01   4.3065120e+04
  -7.9466339e+00   2.6396128e+00  -8.1239511e-01   4.7480743e+04
  -8.7922774e+00   2.4062102e+00  -1.5000000e+00   4.8166850e+04
  -8.6507131e+00   2.5916426e+00  -8.4944999e-01   4.7993304e+04
  -9.6552214e+00   2.2445915e+00  -1.1884938e+00   4.0290681e+04
  -5.4064654e+00   2.7665837e+00  -1.0956858e+00   5.8651312e+04
  -9.4024709e+00   2.7259349e+00  -7.7109412e-01   7.0000000e+04
  -8.3295066e+00   2.5405797e+00  -8.8442804e-01   4.5243381e+04
  -8.2729393e+00   2.6064909e+00  -8.4970709e-01   4.6516250e+04
  -9.3086182e+00   3.2395951e+00  -9.5387151e-01   4.0326030e+04
  -1.2026266e+01   2.1946341e+00  -1.4071880e+00   3.1802762e+04
  -7.7273174e+00   2.7581563e+00  -6.8219580e-01   4.9330434e+04
  -8.5249901e+00   2.4591677e+00  -8.8500269e-01   4.3463636e+04
  -8.9951057e+00   2.0736601e+00  -1.5000000e+00   3.7912921e+04
  -1.0852101e+01   2.5573264e+00  -9.3930826e-01   4.7315521e+04
  -8.1708945e+00   2.6338807e+00  -8.2837491e-01   4.6792791e+04
  -8.2834895e+00   2.5932927e+00  -8.3823444e-01   4.5995598e+04
  -8.0674361e+00   2.7918215e+00  -6.8191921e-01   4.9135428e+04
  -8.1630511e+00   2.6613776e+00  -7.9702728e-01   4.7146822e+04
  -8.4430868e+00   2.6428244e+00  -8.1315828e-01   4.6354065e+04
  -9.6313380e+00   2.3952810e+00  -9.7880809e-01   3.9390505e+04
  -7.9145806e+00   2.6508035e+00  -8.0118631e-01   4.7802819e+04
  -7.5061573e+00   2.4680109e+00  -8.7550424e-01   6.2248380e+04
  -7.9894344e+00   5.5000000e+00  -8.9088200e-01   4.7006029e+04
  -8.5756708e+00   2.5681828e+00  -8.3673335e-01   4.4827498e+04
  -1.2692224e+01   1.7110476e+00  -1.5000000e+00   2.4328541e+04
  -8.9163908e+00   2.2154976e+00  -9.9718860e-01   4.0509174e+04
  -9.1117903e+00   2.5346823e+00  -9.4633893e-01   4.6114730e+04
  -9.5368998e+00   2.4092935e+00  -8.3935010e-01   3.9720862e+04
  -8.0600778e+00   2.6605760e+00  -7.8453709e-01   4.7408675e+04
  -8.6096109e+00   2.5863120e+00  -8.7471478e-01   4.5203921e+04
  -9.1300821e+00   2.4159197e+00  -9.3970230e-01   4.2505715e+04
  -9.0554967e+00   2.1696165e+00  -9.3988797e-01   4.3397583e+04
  -8.9496519e+00   2.7163292e+00  -7.4637376e-01   4.6511223e+04
  -1.1292318e+01   2.2779310e+00  -1.0514758e+00   3.3268578e+04
  -8.5102370e+00   2.5040580e+00  -9.1031674e-01   4.4297287e+04
  -9.0017496e+00   2.4679497e+00  -9.6458805e-01   4.2831907e+04
  -8.2869503e+00   2.5692594e+00  -8.8143346e-01   4.5803192e+04
  -2.2543604e+01   1.0000000e+00  -1.3614859e+00   4.1622733e+03
  -8.0620100e+00   2.6432486e+00  -8.1961138e-01   4.7232779e+04
  -8.3885693e+00   2.4520558e+00  -9.4214542e-01   4.3862281e+04
  -8.0446057e+00   2.6575640e+00  -7.8411071e-01   4.7269182e+04
  -8.6220887e+00   2.5627091e+00  -8.7574270e-01   4.4858637e+04
  -8.4190403e+00   2.5742572e+00  -8.6959226e-01   4.5525689e+04
  -8.0518039e+00   2.6112277e+00  -8.6488656e-01   4.5914012e+04
  -8.6584924e+00   2.6075074e+00  -8.1935557e-01   4.5243886e+04
  -8.5600976e+00   2.5838743e+00  -8.5596933e-01   4.5070831e+04
  -8.0143086e+00   2.7282881e+00  -7.2173708e-01   4.8381481e+04
  -8.5500548e+00   2.3054655e+00  -9.4290162e-01   4.4322726e+04
  -7.7605448e+00   2.6589651e+00  -8.1286764e-01   4.8094359e+04
  -9.1258426e+00   2.4003472e+00  -1.1044147e+00   4.0442363e+04
  -8.6134505e+00   3.2288176e+00  -6.1222564e-01   3.4408246e+04
  -2.7696766e+01   1.5314202e+00  -1.3165282e+00   2.3086243e+04
  -8.4097960e+00   2.5587267e+00  -8.5838815e-01   4.5190141e+04
  -8.2977927e+00   2.5628722e+00  -8.8111484e-01   4.5594027e+04
  -4.0000000e+01   5.5000000e+00  -1.0000000e-01   4.4384321e+04
  -8.1788568e+00   2.6485267e+00  -8.0821518e-01   4.7071352e+04
  -8.6477805e+00   2.5823959e+00  -8.4494276e-01   4.5092964e+04
  -9.0785481e+00   2.4769494e+00  -9.1216167e-01   4.4581629e+04
  -8.3094383e+00   2.5534199e+00  -9.9496466e-01   4.3695650e+04
  -7.1696161e+00   2.7165446e+00  -7.0240579e-01   4.9556198e+04
  -8.3618270e+00   2.5831423e+00  -8.6321581e-01   4.5727857e+04
  -8.8986885e+00   2.4594284e+00  -9.2396546e-01   4.3467578e+04
  -4.0000000e+01   1.4595608e+00  -1.0000000e-01   1.1382017e+04
  -8.2924422e+00   2.6212497e+00  -8.2401494e-01   4.6365177e+04
  -8.4449496e+00   2.5624769e+00  -8.9972180e-01   4.5392449e+04
  -9.6734419e+00   2.3826529e+00  -9.1432650e-01   3.8294927e+04
  -5.6781947e+00   3.2575109e+00  -5.0571953e-01   5.3684308e+04
  -2.4351372e+01   3.6936263e+00  -1.5000000e+00   4.9636132e+04
  -8.8117602e+00   2.4111698e+00  -9.2799381e-01   4.1353233e+04
  -1.1044854e+01   2.3698640e+00  -1.0417293e+00   3.1943723e+04
  -8.3157915e+00   2.6154912e+00  -8.3550939e-01   4.6251703e+04
  -8.1626592e+00   2.6044603e+00  -8.6556869e-01   4.6623258e+04
  -8.4382394e+00   2.5844409e+00  -8.6260925e-01   4.5504646e+04
  -8.5311756e+00   2.4561192e+00  -9.8565670e-01   4.3739658e+04
  -7.8202134e+00   2.6281028e+00  -8.4226619e-01   4.7702410e+04
  -9.2559874e+00   2.3332773e+00  -1.1899831e+00   4.1190514e+04
  -9.5627328e+00   2.5328377e+00  -8.9970610e-01   4.5538460e+04
  -1.0104967e+01   2.2876005e+00  -5.1495255e-01   3.7465686e+04
  -8.2654224e+00   2.6228298e+00  -8.1194037e-01   4.6273124e+04
  -7.6052618e+00   2.7386308e+00  -7.6118928e-01   4.8179060e+04
  -1.0212718e+01   2.6964423e+00  -1.0000000e-01   5.0057397e+04
  -8.3689101e+00   2.5811383e+00  -8.5682672e-01   4.5302482e+04
  -3.9154625e+01   2.6122973e+00  -1.0000000e-01   4.6379190e+04
  -8.5035128e+00   2.7458467e+00  -1.0000000e-01   4.6622372e+04
  -8.2928844e+00   2.6457579e+00  -8.3829803e-01   4.6201668e+04
  -7.6487216e+00   2.7204708e+00  -7.1588963e-01   4.8932948e+04
  -7.7205880e+00   2.7402167e+00  -7.0311346e-01   4.9013477e+04
  -7.9054448e+00   2.6629321e+00  -8.1614914e-01   4.8004284e+04
  -8.4177560e+00   2.5288398e+00  -9.3526102e-01   4.5231254e+04
  -7.3835240e+00   2.7049023e+00  -7.6747645e-01   4.9586124e+04
  -7.9927550e+00   2.2276903e+00  -1.1465904e+00   4.6015374e+04
  -6.6310195e+00   2.7316800e+00  -8.4839127e-01   4.8818006e+04
  -8.0417173e+00   2.6216173e+00  -8.2997843e-01   4.6251694e+04
  -2.1571052e+01   2.5046164e+00  -7.9296129e-01   3.5005922e+04
  -1.2903311e+01   2.1318552e+00  -1.3971666e+00   4.1860074e+04
  -8.8090206e+00   2.5581931e+00  -8.7036821e-01   4.4181130e+04
  -7.9774206e+00   2.6811068e+00  -7.9711724e-01   4.8060930e+04
  -8.9862835e+00   2.4004904e+00  -9.6183275e-01   4.2216437e+04
  -1.7980049e+01   3.6853483e+00  -1.2088233e+00   5.7312375e+03
  -1.0749382e+01   2.5465263e+00  -9.5194425e-01   4.2518414e+04
  -6.9263356e+00   2.6082061e+00  -8.6398418e-01   4.8418079e+04
  -1.2592812e+01   1.0000000e+00  -1.5000000e+00   4.7336291e+04
  -6.4771875e+00   2.6064014e+00  -7.9763114e-01   4.9887753e+04
  -1.2496307e+01   2.1013537e+00  -8.2253004e-01   2.4601980e+04
  -8.9443108e+00   2.6235259e+00  -8.9048290e-01   4.6530404e+04
  -9.4636369e+00   1.5388676e+00  -9.1417744e-01   4.3737154e+04
