  -4.0000000e+01   2.2134361e+00  -9.0634104e-01   2.3833748e+04
  -1.0705971e+01   2.2459713e+00  -1.2466642e+00   3.4746870e+04
  -1.2980040e+01   2.2867438e+00  -1.1714249e+00   3.5717905e+04
  -1.2100720e+01   2.1600027e+00  -1.1860860e+00   3.1584013e+04
  -1.0973961e+01   2.2083563e+00  -1.4133493e+00   3.6207596e+04
  -1.5326642e+01   1.7721978e+00  -1.0736192e+00   2.4293509e+04
  -9.9395391e+00   2.2166494e+00  -1.3492967e+00   3.9294619e+04
  -1.1431261e+01   1.8521894e+00  -1.5000000e+00   3.3658021e+04
  -1.2952467e+01   2.0498275e+00  -1.0912557e+00   2.8133701e+04
  -9.7698219e+00   3.3947355e+00  -1.1793219e+00   2.9219313e+04
  -1.1884358e+01   3.2322596e+00  -1.0277452e+00   4.8325691e+04
   0.0000000e+00   3.1023277e+00  -7.8245554e-01   3.9519954e+04
  -1.7152816e+01   2.5043095e+00  -9.6487347e-01   1.2248424e+04
  -1.1687294e+01   2.1595067e+00  -1.1585322e+00   3.1696610e+04
  -8.2971924e+00   1.6819952e+00  -1.2877741e+00   3.3096208e+04
   0.0000000e+00   1.0000000e+00  -1.5000000e+00   4.8258117e+04
  -1.4345049e+01   2.1472679e+00  -1.3220054e+00   4.4662603e+04
  -1.1195327e+01   2.0836042e+00  -1.1682071e+00   3.8698383e+04
  -1.1671692e+01   2.7507914e+00  -1.2133609e+00   1.8697300e+04
  -2.2267851e+01   3.7277267e+00  -1.3388478e+00   4.8106039e+04
  -1.1122402e+01   2.1842788e+00  -1.2395575e+00   3.4141596e+04
  -1.9935190e-01   2.6563963e+00  -1.2905207e+00   5.1112121e+04
  -2.1174912e+01   3.0152155e+00  -1.0249762e+00   2.0634698e+04
  -1.1961652e+01   1.9111013e+00  -1.2643024e+00   3.2397548e+04
  -4.0000000e+01   5.5000000e+00  -1.0000000e-01   1.5817797e+04
  -4.1663148e+00   2.3993952e+00  -1.5000000e+00   7.0000000e+04
   0.0000000e+00   2.1553051e+00  -1.5000000e+00   2.5059281e+04
  -9.6175250e+00   2.1327718e+00  -1.2107006e+00   3.8863948e+04
  -7.0072299e+00   1.7572348e+00  -1.3352561e+00   2.9037369e+04
  -1.3481582e+01   1.9939684e+00  -1.0851009e+00   2.6456578e+04
   0.0000000e+00   1.0000000e+00  -1.1867624e+00   3.4816072e+04
  -1.1118706e+01   1.8667495e+00  -1.0988639e+00   4.9956532e+04
  -8.7797911e+00   2.0678282e+00  -1.2283125e+00   3.3218596e+04
  -8.9453893e+00   2.1374725e+00  -1.1295972e+00   3.7330011e+04
  -7.0001318e+00   1.9534673e+00  -1.2691560e+00   3.6086235e+04
  -1.0859226e+01   1.0000000e+00  -1.5000000e+00   0.0000000e+00
  -1.4432537e+01   2.5233467e+00  -4.3746440e-01   2.8836574e+04
  -9.2603102e+00   2.6960213e+00  -1.1294217e+00   3.6494244e+04
  -1.0040343e+01   2.3471597e+00  -1.2443842e+00   3.0964687e+04
  -1.0370850e+01   2.1670514e+00  -1.1422134e+00   3.1215251e+04
  -1.5496609e+01   2.3124916e+00  -1.0491391e+00   3.1791178e+04
  -1.1804353e+01   2.2572644e+00  -1.2747430e+00   3.1853500e+04
  -1.0477648e+01   2.1710235e+00  -1.2144685e+00   3.4647548e+04
  -3.7446872e+01   1.5517671e+00  -1.1979675e+00   1.0002405e+04
  -2.3423158e+01   3.2933505e+00  -1.3788013e+00   5.3104872e+04
  -2.9966943e+01   4.6508079e+00  -1.2630040e+00   7.0000000e+04
  -3.2055749e+01   4.9690935e+00  -1.4640289e+00   2.9461057e+04
  -1.1109610e+01   1.8245826e+00  -1.1067246e+00   3.2382414e+04
  -1.0367861e+01   2.3194698e+00  -1.2523681e+00   3.7021479e+04
  -9.0352910e+00   2.2487124e+00  -1.2228775e+00   3.4117848e+04
  -1.8314925e+01   1.4614197e+00  -9.2637686e-01   4.8434344e+04
  -1.1486757e+01   2.2090645e+00  -1.1925872e+00   3.3805385e+04
  -1.0639351e+01   2.3763028e+00  -1.2157047e+00   3.3181493e+04
   0.0000000e+00   1.0000000e+00  -1.3686328e+00   6.3028027e+04
  -9.6557310e+00   4.0358416e+00  -1.0822560e+00   3.6182581e+04
  -1.2255265e+01   2.3519840e+00  -1.2448242e+00   3.4563411e+04
   0.0000000e+00   3.6034360e+00  -6.4859630e-01   3.8409287e+04
  -1.2159850e+01   2.0906025e+00  -1.1416299e+00   2.9889338e+04
  -1.3580141e+01   2.0070282e+00  -9.8438814e-01   2.0508287e+04
  -1.3004441e+01   1.9360052e+00  -1.2190385e+00   3.3186794e+04
  -1.1902108e+01   2.1071797e+00  -1.2077672e+00   3.6045962e+04
  -1.2726652e+01   2.1686407e+00  -1.0469757e+00   2.9506187e+04
  -3.9096288e+01   3.0210700e+00  -9.5504196e-01   3.7643968e+04
  -1.1152108e+01   1.0000000e+00  -1.5000000e+00   0.0000000e+00
  -1.6191705e+01   2.2183058e+00  -1.0120001e+00   2.8011274e+04
  -1.4296482e+01   1.0000000e+00  -9.0591995e-01   1.5250427e+04
  -1.0614856e+01   2.2317891e+00  -1.2156695e+00   3.6412936e+04
  -1.1133707e+01   2.2628087e+00  -1.2424727e+00   3.5282685e+04
  -1.0411281e+01   2.2290335e+00  -1.2379942e+00   3.5806806e+04
   0.0000000e+00   1.0000000e+00  -1.1184195e+00   3.3580230e+04
  -7.0745035e+00   4.1088837e+00  -6.1751992e-01   1.3281741e+04
  -1.0536720e+01   2.0045965e+00  -1.1748546e+00   3.0623013e+04
  -7.6374430e+00   2.6147058e+00  -1.1426160e+00   3.0637717e+04
  -1.0747534e+01   2.3803461e+00  -1.2440151e+00   3.8517060e+04
  -9.8203247e+00   1.9717217e+00  -9.5421082e-01   2.1172119e+04
  -9.2364247e+00   2.2347913e+00  -1.2051221e+00   3.4499868e+04
  -1.0593485e+01   1.0000000e+00  -1.0277303e+00   1.8817396e+04
  -2.0706910e+01   2.6143306e+00  -2.1154237e-01   2.3857408e+04
  -1.3437160e+01   2.2817684e+00  -1.1015559e+00   3.2655860e+04
  -2.0443478e+01   2.5004556e+00  -8.6452206e-01   4.2948733e+04
  -9.2033253e+00   2.2344247e+00  -1.2499313e+00   3.4568184e+04
  -1.3478650e+01   2.1561082e+00  -1.1974347e+00   3.4599952e+04
  -1.0441201e+01   2.2813823e+00  -1.2998269e+00   3.8276297e+04
  -8.1760797e+00   2.4042933e+00  -1.3659711e+00   2.6791806e+04
  -1.3066983e+01   2.0507782e+00  -1.0736782e+00   2.6390708e+04
  -1.1962608e+01   2.4576541e+00  -1.0585860e+00   3.7321548e+04
  -1.1344342e+01   2.1687375e+00  -1.2134876e+00   3.4246746e+04
  -1.2567513e-01   2.5338821e+00  -1.1350045e+00   4.1273727e+04
  -8.1867149e+00   1.0000000e+00  -9.0791514e-01   2.7926508e+04
  -8.7058357e+00   1.9839368e+00  -1.3573690e+00   4.3061593e+04
   0.0000000e+00   1.0000000e+00  -1.5000000e+00   4.3728178e+04
  -1.7204506e+01   2.3630820e+00  -1.1685070e+00   3.1606482e+04
  -8.0983649e+00   2.7137795e+00  -9.9226170e-01   2.0509580e+04
  -1.4016293e+01   2.5768298e+00  -1.1204827e+00   2.7882765e+04
  -1.1840045e+01   2.0648611e+00  -1.1076840e+00   2.8901461e+04
  -6.6141921e+00   4.2180777e+00  -6.3001493e-01   8.6351391e+03
  -4.3618127e+00   2.7374042e+00  -8.1685157e-01   2.0658304e+04
  -1.0989941e+01   2.2066578e+00  -1.2202795e+00   3.2356283e+04
  -1.2591111e+01   2.2513431e+00  -1.1788827e+00   3.2708271e+04
  -9.8112574e+00   2.1385416e+00  -9.1850285e-01   1.3147557e+04
  -1.3417887e+01   2.1499081e+00  -1.3067986e+00   2.5154796e+04
  -8.5204853e+00   2.4247947e+00  -1.3995210e+00   4.5026646e+04
  -1.2773424e+01   4.6890087e+00  -1.3685353e+00   2.1120278e+04
  -1.9776960e+01   2.5270534e+00  -9.8340923e-01   3.4701734e+04
  -1.0291292e+01   2.2007420e+00  -1.1867383e+00   3.2048445e+04
  -8.3110781e+00   1.0452613e+00  -1.5000000e+00   2.2187322e+04
  -1.0975115e+01   2.2156389e+00  -1.2442265e+00   3.3776878e+04
  -2.2345853e+01   2.6318703e+00  -9.9323545e-01   5.3803931e+04
  -1.4791912e+01   1.8081977e+00  -1.5000000e+00   3.3797682e+04
  -1.0801623e+01   2.2405268e+00  -1.2263231e+00   3.5633093e+04
  -1.3045079e+01   2.1037531e+00  -1.0793554e+00   3.1372839e+04
  -1.1357846e+01   2.4364860e+00  -1.3911725e+00   2.0278666e+04
  -1.0590761e+01   2.2345831e+00  -1.1752033e+00   3.8636789e+04
  -6.2551576e+00   2.0577508e+00  -1.1579534e+00   2.5064740e+04
  -1.0284244e+01   2.0787980e+00  -1.0349157e+00   3.2452329e+04
  -1.2142359e+01   2.2603659e+00  -1.1450943e+00   2.6032616e+04
  -1.2930248e+01   1.0000000e+00  -8.6060754e-01   3.1224262e+04
  -1.1790870e+01   2.1408760e+00  -1.1779253e+00   3.1401352e+04
  -1.5769750e+01   1.0275401e+00  -1.2152509e+00   3.1938689e+04
  -1.0646714e+01   1.0000000e+00  -1.1916512e+00   3.3722336e+04
  -7.0024372e+00   1.9701730e+00  -1.2610616e+00   1.6707344e+04
  -1.5899708e+01   2.2337525e+00  -9.6708504e-01   3.6697617e+04
  -1.1751762e+01   2.1396699e+00  -1.2112418e+00   3.1408188e+04
  -7.7534302e+00   2.1215846e+00  -1.4147397e+00   3.2719932e+04
  -1.1241669e+01   2.1505898e+00  -1.2190886e+00   3.5153556e+04
  -1.7272890e+01   2.2800795e+00  -1.3704868e+00   1.6532371e+04
  -7.0223872e+00   2.0448900e+00  -1.3929916e+00   3.9909659e+04
  -1.1536434e+01   2.2651515e+00  -1.2445190e+00   3.0987230e+04
  -1.0741331e+01   2.2527242e+00  -1.2236286e+00   3.5844067e+04
  -1.4584740e+01   2.1046678e+00  -1.2221108e+00   3.8966802e+04
  -1.1489744e+01   2.2117475e+00  -1.2148959e+00   3.2518029e+04
  -1.5893971e+01   1.0000000e+00  -1.5000000e+00   2.2439986e+04
  -1.0756357e+01   2.2232604e+00  -1.2744695e+00   3.4561661e+04
  -2.2010825e+01   3.5092643e+00  -1.2704874e+00   3.0474623e+04
  -1.4169561e+01   2.0931219e+00  -1.0569432e+00   3.2335660e+04
  -1.0381749e+01   2.4866826e+00  -1.2706953e+00   3.8751028e+04
  -1.2550624e+01   2.4137098e+00  -1.3208685e+00   3.5436459e+04
  -9.1503982e+00   2.3836930e+00  -1.1753314e+00   3.5830492e+04
  -1.3397355e+01   2.4043270e+00  -1.0791053e+00   3.2919764e+04
  -1.1093217e+01   2.4015031e+00  -1.2062680e+00   3.5277781e+04
  -1.0133067e+01   2.2202426e+00  -1.2833862e+00   3.7348852e+04
  -3.2881032e+01   4.0163553e+00  -4.0644550e-01   6.4520789e+04
  -1.7478887e+01   3.9188822e+00  -1.5000000e+00   6.6546972e+04
  -1.1183712e+01   2.2031520e+00  -1.2159665e+00   3.4152890e+04
  -1.0933609e+01   2.7111629e+00  -1.4233000e+00   2.4047516e+04
  -1.9362139e+01   1.8769151e+00  -1.2186254e+00   2.9794967e+04
  -1.0225984e+01   1.8135034e+00  -1.1905070e+00   2.9443171e+04
  -1.9055515e+01   1.9706783e+00  -1.1167747e+00   3.9936063e+04
  -7.0459438e+00   1.6825176e+00  -1.4577147e+00   3.1712347e+04
  -9.8981127e+00   2.1450756e+00  -1.2806072e+00   3.8554613e+04
  -1.1925780e+01   1.9305330e+00  -1.1645497e+00   2.9364405e+04
  -1.8655494e+01   1.7778064e+00  -1.2828379e+00   4.3358411e+04
  -1.9709859e+01   2.6537597e+00  -4.8626139e-01   4.8780756e+04
  -1.4785823e+01   2.6626166e+00  -1.3417600e+00   3.9590840e+04
  -1.3223695e+01   2.0435559e+00  -1.0759102e+00   2.6062690e+04
  -1.3373508e+01   2.0716918e+00  -1.5000000e+00   4.0299852e+04
   0.0000000e+00   3.3016623e+00  -1.5000000e+00   6.3727020e+04
  -1.4331078e+01   2.4109186e+00  -1.0731244e+00   3.1309657e+04
  -7.8942511e+00   1.7588722e+00  -1.1605490e+00   3.4510116e+04
  -1.2842530e+01   2.1058179e+00  -1.0536649e+00   2.5929369e+04
  -1.0229432e+01   2.5453081e+00  -1.1839722e+00   3.2450013e+04
   0.0000000e+00   3.5169347e+00  -1.5000000e+00   2.0540805e+04
  -1.1171104e+01   2.2106000e+00  -1.2546250e+00   3.5086825e+04
  -1.1341169e+01   2.2664162e+00  -1.2102555e+00   3.3314916e+04
  -1.3019676e+01   2.0961190e+00  -1.1286105e+00   2.8395054e+04
  -1.2285263e+01   2.5354933e+00  -7.6273864e-01   3.4191576e+04
  -1.2846094e+01   1.9245584e+00  -7.2727642e-01   2.8876643e+04
  -6.0479928e+00   2.4327226e+00  -6.9154989e-01   2.3416394e+04
  -1.2056817e+01   2.2080367e+00  -1.1633689e+00   3.2707552e+04
  -7.4261534e+00   1.9616325e+00  -9.6701882e-01   2.8334527e+04
  -2.8341128e+01   1.3953660e+00  -9.6764218e-01   3.6469015e+04
  -1.2150105e+01   2.1454803e+00  -1.3024110e+00   4.0086450e+04
  -1.2414807e+01   2.1177565e+00  -1.2119966e+00   3.3194829e+04
  -2.3872367e+01   1.0000000e+00  -8.4222262e-01   4.3743515e+04
  -2.7015560e+01   2.6766313e+00  -7.2920405e-01   2.8511885e+04
  -9.0622199e+00   1.9290319e+00  -1.2429710e+00   4.1985509e+04
  -4.0000000e+01   2.0345723e+00  -3.5600134e-01   4.3810268e+04
   0.0000000e+00   1.7546294e+00  -3.9943385e-01   7.0000000e+04
  -8.8743226e+00   4.3556469e+00  -4.3728428e-01   5.1527828e+04
  -9.6633631e+00   1.7039069e+00  -1.1927111e+00   2.6124346e+04
  -1.8315056e+01   2.0270919e+00  -1.4503706e+00   3.3235577e+04
  -1.0875218e+01   2.2396547e+00  -1.2235550e+00   3.5415540e+04
  -1.0370974e+01   2.1697476e+00  -1.2689183e+00   3.4239557e+04
  -1.1736312e+01   2.3043049e+00  -1.1950734e+00   3.5972091e+04
  -1.3187247e+01   2.1571634e+00  -1.1207273e+00   2.5843661e+04
  -1.7455701e+01   2.0755269e+00  -6.8349187e-01   3.3066924e+04
  -9.0056415e+00   2.0606962e+00  -1.3894021e+00   2.6736684e+04
  -1.0304527e+01   2.1532118e+00  -1.2282682e+00   3.3103786e+04
  -1.1235912e+01   2.2210964e+00  -1.1607883e+00   3.2682171e+04
  -8.2978415e+00   2.2249707e+00  -1.2894456e+00   3.9030613e+04
  -1.1581810e+01   2.2337039e+00  -1.1751141e+00   3.4720917e+04
  -7.9975910e+00   2.0388882e+00  -1.2042874e+00   4.0219986e+04
  -1.9374819e+01   3.8098841e+00  -1.3460543e+00   3.3355311e+04
  -9.4984560e+00   2.1185456e+00  -1.2322541e+00   3.3956759e+04
  -2.3574510e+01   2.6704639e+00  -6.6833716e-01   2.3654896e+04
  -1.8870198e+01   1.0000000e+00  -1.5000000e+00   4.2446519e+04
  -1.3896959e+01   2.5971948e+00  -1.0894948e+00   3.6258569e+04
  -1.8932598e+01   3.2657085e+00  -1.2676640e-01   0.0000000e+00
  -1.6022499e+01   4.3058768e+00  -1.0713498e+00   5.3064053e+04
  -6.4027797e+00   3.2532714e+00  -9.3979949e-01   3.8937915e+04
