   0.0000000e+00   2.6779738e+00  -7.6934102e-01   4.6929783e+04
  -8.6079967e+00   2.5866230e+00  -8.3418627e-01   4.5072790e+04
  -8.3835178e+00   2.6564300e+00  -7.8975027e-01   4.6530289e+04
  -8.3214662e+00   2.6760599e+00  -7.6267580e-01   4.6938339e+04
  -8.3565076e+00   2.6346393e+00  -8.0436236e-01   4.6350692e+04
  -8.0131867e+00   2.7261751e+00  -7.6714551e-01   4.8338994e+04
  -8.3744951e+00   2.6646455e+00  -7.8006448e-01   4.6685868e+04
  -8.3217516e+00   2.6758396e+00  -7.7018905e-01   4.6900689e+04
  -8.4966051e+00   2.6473781e+00  -7.8650290e-01   4.6131721e+04
  -4.5053704e+00   2.9438102e+00  -6.4172849e-01   5.9227127e+04
  -7.1410388e+00   2.3526148e+00  -7.4407927e-01   4.4508657e+04
  -7.8057986e+00   3.1007620e+00  -8.0136520e-01   4.7702221e+04
  -7.7896520e+00   2.7424640e+00  -8.2746367e-01   4.8481273e+04
  -8.4059118e+00   2.6516775e+00  -8.0595670e-01   4.6530496e+04
  -8.7069072e+00   2.8916596e+00  -6.1125336e-01   5.0629280e+04
  -4.0000000e+01   4.0483814e+00  -1.0000000e-01   1.1015684e+04
  -7.5689775e+00   2.7646379e+00  -6.6244243e-01   5.0043606e+04
  -8.1212308e+00   2.6884361e+00  -7.7278942e-01   4.7453302e+04
  -8.0035517e+00   2.5740544e+00  -8.3042381e-01   4.6683747e+04
  -1.1723697e+01   2.7363025e+00  -1.1533197e+00   4.1696726e+04
  -8.0538545e+00   2.6529650e+00  -8.1048460e-01   4.7449946e+04
  -8.5086457e+00   2.6363850e+00  -7.8561727e-01   4.5629360e+04
  -8.6754219e+00   2.7080442e+00  -7.7318208e-01   4.6600962e+04
  -8.5735220e+00   2.6252162e+00  -8.0632217e-01   4.5824477e+04
  -4.0000000e+01   5.5000000e+00  -1.0000000e-01   1.4817354e+04
  -8.2000831e+00   2.6527230e+00  -5.7524840e-01   3.9229178e+04
  -1.3625210e+01   2.5886227e+00  -6.6563815e-01   3.4494348e+04
  -8.4296317e+00   2.6676301e+00  -7.7768439e-01   4.6637658e+04
  -1.1161341e+01   2.2883259e+00  -1.1680528e+00   3.7269196e+04
  -8.3358011e+00   2.6891280e+00  -7.5084313e-01   4.7102129e+04
  -6.6025700e+00   2.4931181e+00  -7.8738816e-01   4.6277735e+04
  -8.3703212e+00   2.6522989e+00  -7.9478127e-01   4.6562982e+04
  -8.5232605e+00   2.6752016e+00  -7.5874469e-01   4.6438835e+04
  -8.3835561e+00   2.5930968e+00  -8.4159701e-01   4.6012733e+04
  -8.2172919e+00   2.6739501e+00  -7.5831603e-01   4.6948060e+04
  -8.1924110e+00   5.5000000e+00  -1.0000000e-01   4.2186069e+04
  -8.2577936e+00   2.6590824e+00  -7.7635605e-01   4.6865788e+04
  -9.5066946e+00   2.2502610e+00  -1.1256982e+00   3.9392227e+04
  -8.5555599e+00   2.7120578e+00  -1.0000000e-01   4.5995069e+04
  -9.7661494e+00   2.4894150e+00  -8.7698938e-01   4.1593923e+04
  -1.6757744e+01   1.8246183e+00  -1.1771277e+00   1.7174711e+04
  -7.7362712e+00   2.8093782e+00  -6.6076208e-01   5.0167748e+04
  -8.1694002e+00   2.6747491e+00  -7.8055984e-01   4.7388540e+04
  -1.1856971e+01   2.6297941e+00  -8.0155721e-01   4.3003733e+04
  -9.3245654e+00   2.7694254e+00  -1.0248163e+00   4.8547960e+04
  -1.7956156e+01   4.9027570e+00  -7.5352846e-01   4.5342009e+04
  -9.1234082e+00   2.9335137e+00  -8.4393546e-01   4.7126931e+04
  -8.1367815e+00   2.6575434e+00  -7.9264745e-01   4.7245762e+04
  -1.5169305e+00   4.1011152e+00  -9.8091580e-01   6.5439635e+04
  -8.1493417e+00   2.7256568e+00  -7.3154079e-01   4.8157927e+04
  -1.4533471e+01   2.5990978e+00  -8.4873682e-01   4.4914041e+04
  -8.4758112e+00   2.5485326e+00  -8.6651261e-01   4.4891544e+04
  -8.3535923e+00   2.6692983e+00  -7.7211181e-01   4.6785524e+04
   0.0000000e+00   1.0000000e+00  -1.5000000e+00   4.7382507e+04
  -1.1700119e+01   2.2477335e+00  -9.8325520e-01   3.2118015e+04
  -8.3368866e+00   2.6623684e+00  -7.8417098e-01   4.6767198e+04
  -1.1289023e+01   2.7909825e+00  -1.0000000e-01   4.5685202e+04
  -8.4713511e+00   2.6489766e+00  -7.9522485e-01   4.6259895e+04
  -8.3623295e+00   2.6257486e+00  -8.1404195e-01   4.6247010e+04
  -8.4103767e+00   2.5780803e+00  -8.0053257e-01   4.5427725e+04
  -9.4440339e+00   2.4625978e+00  -9.5883327e-01   4.1700908e+04
  -8.1617007e+00   2.7102381e+00  -7.5821510e-01   4.7879227e+04
  -7.0284831e+00   2.7372700e+00  -7.5534239e-01   5.0233021e+04
  -1.5127511e+01   2.2915163e+00  -8.7125770e-01   0.0000000e+00
  -7.9725974e+00   2.6844634e+00  -7.6422162e-01   4.7446202e+04
  -8.0612807e+00   2.6426122e+00  -8.3458566e-01   4.7550578e+04
  -8.1803878e+00   2.6707091e+00  -7.8414658e-01   4.7314694e+04
  -8.3509115e+00   2.6675717e+00  -7.7769773e-01   4.6782692e+04
  -8.2555278e+00   2.6604491e+00  -7.8784205e-01   4.6952428e+04
  -5.1024826e+00   2.6053899e+00  -6.8672517e-01   5.1676523e+04
  -8.6733723e+00   2.5406239e+00  -8.8788288e-01   4.5120661e+04
  -9.0638360e+00   2.4564534e+00  -1.0592360e+00   4.3013869e+04
  -7.9454912e+00   2.7380710e+00  -6.8848133e-01   4.9421921e+04
  -8.5143105e+00   2.6764781e+00  -7.7147264e-01   4.6493734e+04
  -8.3793894e+00   2.5749638e+00  -8.7817522e-01   4.5074694e+04
  -8.5566284e+00   2.6021349e+00  -8.2697894e-01   4.5383148e+04
  -8.4025059e+00   2.6490264e+00  -7.8104902e-01   4.6520323e+04
   0.0000000e+00   2.2596162e+00  -9.1604642e-01   2.7716060e+04
  -8.5005030e+00   2.6015054e+00  -9.1694334e-01   4.6061332e+04
  -8.4424668e+00   2.6364065e+00  -8.1729073e-01   4.6409198e+04
  -8.4075295e+00   2.6377124e+00  -8.0516956e-01   4.6345406e+04
  -8.7809494e+00   2.5559859e+00  -8.6780525e-01   4.4646698e+04
  -8.4538683e+00   2.6643568e+00  -7.7244424e-01   4.6439737e+04
  -8.3808213e+00   2.6263319e+00  -8.4058537e-01   4.6209639e+04
  -8.5213978e+00   2.5971696e+00  -8.3537701e-01   4.5419668e+04
  -8.9925919e+00   2.5163006e+00  -9.0122673e-01   4.3199008e+04
  -8.3015504e+00   2.5629363e+00  -8.7830793e-01   4.5487760e+04
  -1.0402259e+01   2.2822097e+00  -4.1523095e-01   4.0482223e+04
  -8.2693847e+00   1.8624429e+00  -7.9757628e-01   4.4490445e+04
  -1.0189813e+01   2.3381759e+00  -9.3321349e-01   3.8048854e+04
  -1.2153186e+01   3.7429019e+00  -5.9253057e-01   4.3771384e+04
  -5.6634284e+00   2.8248203e+00  -5.8488939e-01   5.2444368e+04
  -1.0238816e+01   2.4143248e+00  -7.6027371e-01   6.2551409e+04
  -8.2732557e+00   2.7085282e+00  -7.3937588e-01   4.7484743e+04
  -8.4169794e+00   2.6808213e+00  -7.6570693e-01   4.6794101e+04
  -7.4552516e+00   2.9099869e+00  -1.5000000e+00   4.6501641e+04
  -6.8670622e+00   2.8294391e+00  -6.6915463e-01   4.4444571e+04
  -8.6309625e+00   2.5221748e+00  -9.3172948e-01   4.4533076e+04
  -7.2511254e+00   2.5640753e+00  -1.1165271e+00   5.0278779e+04
  -2.3341094e+01   2.2312083e+00  -7.1614104e-01   7.0000000e+04
  -8.3900718e+00   2.6207975e+00  -8.1726546e-01   4.6115002e+04
  -8.4247382e+00   2.6271836e+00  -8.3991005e-01   4.6153630e+04
  -6.9163465e+00   1.0616039e+00  -5.2207672e-01   5.6093937e+04
  -6.0355404e+00   2.7681198e+00  -5.8976278e-01   5.2177315e+04
  -8.3657513e+00   2.6697290e+00  -7.7363010e-01   4.6738649e+04
  -8.4174025e+00   2.7099489e+00  -7.5883006e-01   4.7224190e+04
  -9.0017179e+00   2.3362165e+00  -1.5000000e+00   4.2184499e+04
  -1.0212180e+01   2.5661633e+00  -9.2771965e-01   4.7240058e+04
  -8.3239982e+00   2.6346053e+00  -7.9480915e-01   4.6488595e+04
  -8.4648928e+00   2.6567821e+00  -7.8090245e-01   4.6339514e+04
  -8.3649110e+00   2.7060606e+00  -7.4307683e-01   4.7249236e+04
  -8.2816773e+00   2.6329058e+00  -8.0292511e-01   4.6629058e+04
  -8.3903885e+00   2.6648994e+00  -7.8180949e-01   4.6676313e+04
  -7.1616796e+00   2.8568166e+00  -6.4877024e-01   5.2933657e+04
  -8.2412467e+00   2.6684538e+00  -7.7554845e-01   4.7104533e+04
  -8.4175873e+00   2.6780490e+00  -7.7252820e-01   4.6466789e+04
  -1.2261687e+01   5.5000000e+00  -1.0808867e+00   3.1405345e+04
  -8.1928608e+00   2.6909200e+00  -7.7029405e-01   4.7527113e+04
  -1.0811569e+01   2.1962529e+00  -7.4075315e-01   3.4998213e+04
  -8.4537541e+00   2.5210228e+00  -8.7604863e-01   4.4550480e+04
  -8.5718834e+00   2.6495535e+00  -8.0357039e-01   4.6836374e+04
  -8.4682311e+00   2.6344283e+00  -7.9961118e-01   4.6111444e+04
  -8.3131484e+00   2.6466130e+00  -8.0631396e-01   4.6663647e+04
  -8.4487761e+00   2.6557027e+00  -7.9157858e-01   4.6419134e+04
  -8.6103092e+00   2.5708096e+00  -8.4603856e-01   4.5234102e+04
  -1.5572024e+01   1.3245389e+00  -1.2737938e+00   1.8839628e+04
  -8.8440224e+00   2.5204601e+00  -8.8739456e-01   4.3681618e+04
  -1.1038870e+01   2.3096129e+00  -9.9979779e-01   3.4744679e+04
  -8.3548895e+00   2.5856591e+00  -8.5387448e-01   4.5787265e+04
  -8.3489162e+00   2.6966966e+00  -7.4992564e-01   4.7242002e+04
  -8.3378948e+00   2.6353312e+00  -8.1035861e-01   4.6438679e+04
  -1.4252597e+01   1.0000000e+00  -1.5000000e+00   0.0000000e+00
  -8.3662409e+00   2.6025317e+00  -8.3572877e-01   4.5949001e+04
  -8.5596960e+00   2.7410363e+00  -7.2997332e-01   4.7338042e+04
  -8.2464215e+00   2.6787668e+00  -7.6576081e-01   4.7127342e+04
  -8.3723231e+00   2.5983445e+00  -8.7409339e-01   4.6049869e+04
  -8.2741548e+00   2.6863682e+00  -7.6159420e-01   4.7189810e+04
  -8.4795411e+00   2.6261120e+00  -8.0937124e-01   4.6277968e+04
  -8.6648171e+00   2.6382146e+00  -7.9022164e-01   4.5616360e+04
  -8.2012429e+00   2.6724905e+00  -7.7597874e-01   4.7257466e+04
  -8.3978140e+00   2.6425587e+00  -8.0058568e-01   4.6352617e+04
  -8.3947740e+00   2.5929920e+00  -8.1837903e-01   4.6273807e+04
  -8.3073405e+00   2.6663157e+00  -7.8308607e-01   4.6891108e+04
  -9.5052481e+00   2.4977684e+00  -9.2565251e-01   4.2052319e+04
  -8.5613336e+00   3.2149766e+00  -6.0589547e-01   4.9455662e+04
  -8.3905779e+00   2.7882260e+00  -6.6502949e-01   4.9667690e+04
  -7.6830305e+00   2.7444490e+00  -7.6572186e-01   4.9735054e+04
  -8.3425315e+00   2.6626497e+00  -7.8436483e-01   4.6775627e+04
   0.0000000e+00   1.0000000e+00  -9.4785372e-01   3.8457403e+04
  -8.0483882e+00   2.6708152e+00  -7.9444446e-01   4.7701048e+04
  -8.4712935e+00   2.6498108e+00  -7.9393907e-01   4.6181601e+04
  -9.1953313e+00   2.4148325e+00  -9.7871715e-01   4.2968465e+04
  -1.0924630e+01   2.1125714e+00  -1.3447142e+00   3.4154036e+04
  -8.0797558e+00   2.6794572e+00  -7.6048342e-01   4.7434727e+04
  -8.3421008e+00   2.6455154e+00  -8.0021185e-01   4.6537124e+04
  -8.5170632e+00   2.6280160e+00  -8.0505012e-01   4.6016924e+04
  -4.0000000e+01   2.1906286e+00  -1.0000000e-01   3.3155118e+04
  -8.3874448e+00   2.6434591e+00  -7.9685597e-01   4.6373392e+04
  -8.4854052e+00   2.6494344e+00  -7.9344702e-01   4.6236468e+04
  -9.8625594e+00   2.4448799e+00  -9.4440848e-01   4.0787931e+04
  -9.1499449e+00   2.5584992e+00  -8.3971097e-01   4.2787196e+04
  -4.4803199e+00   5.0432276e+00  -1.3176259e+00   2.7631467e+04
  -8.2427296e+00   2.7133459e+00  -7.3353728e-01   4.7600876e+04
  -9.3604328e+00   2.4464169e+00  -9.3691798e-01   4.1283856e+04
  -8.3789387e+00   2.6635100e+00  -7.8280400e-01   4.6679780e+04
  -8.2202652e+00   2.6706679e+00  -7.7446025e-01   4.7160863e+04
  -8.5155813e+00   2.5946488e+00  -8.4369195e-01   4.5404002e+04
  -8.6653977e+00   2.4628350e+00  -9.6425577e-01   4.3202516e+04
  -8.0033952e+00   2.6679211e+00  -7.9718052e-01   4.7752018e+04
  -7.3433360e+00   2.9081224e+00  -4.4750790e-01   5.1032709e+04
  -8.6519941e+00   2.6365673e+00  -8.0456572e-01   4.6436945e+04
  -9.0922605e+00   2.4983261e+00  -1.0000000e-01   4.3596423e+04
  -8.4668846e+00   2.5807822e+00  -8.7213988e-01   4.5599393e+04
  -8.1315314e+00   2.7200695e+00  -7.4358180e-01   4.7405930e+04
  -8.6597139e+00   2.6668814e+00  -1.3019743e+00   4.7354677e+04
  -8.4395437e+00   2.6142906e+00  -8.1917632e-01   4.5878068e+04
  -8.4340815e+00   2.2441240e+00  -1.5000000e+00   3.6864135e+04
  -8.3974249e+00   2.6771568e+00  -1.0000000e-01   4.6697520e+04
  -8.2856091e+00   2.6428962e+00  -7.8218771e-01   4.6958200e+04
  -8.2528309e+00   2.6924597e+00  -7.4845149e-01   4.7270465e+04
  -1.0770849e+01   2.4155329e+00  -1.0042456e+00   4.1001139e+04
  -8.9233051e+00   2.7128798e+00  -6.5779001e-01   4.5536175e+04
  -8.3034769e+00   2.6658738e+00  -7.8123921e-01   4.6888204e+04
  -8.8286611e+00   2.6240694e+00  -8.0915821e-01   4.5125586e+04
  -1.0721624e+01   3.1316644e+00  -5.3697326e-01   3.7631844e+04
  -6.2671239e+00   2.7735306e+00  -6.9476590e-01   4.8490695e+04
  -7.4678243e+00   2.6013584e+00  -8.3815544e-01   4.3554012e+04
   0.0000000e+00   2.7401191e+00  -7.9781446e-01   5.3597749e+04
  -1.0361518e+01   2.4428651e+00  -1.0450747e+00   4.4632963e+04
  -8.4820907e+00   2.6308166e+00  -8.0846623e-01   4.5960433e+04
  -8.3738508e+00   2.6622534e+00  -7.8130904e-01   4.6654770e+04
  -8.5965354e+00   2.3563589e+00  -1.0391143e+00   4.2448832e+04
  -1.1014114e+01   2.3372161e+00  -9.5355517e-01   3.5829118e+04
  -9.0805315e+00   2.6177851e+00  -8.5101301e-01   4.5453872e+04
  -7.3114202e+00   2.6367982e+00  -8.2201692e-01   4.7895414e+04
  -1.3607875e+01   1.0512260e+00  -1.2594040e+00   4.7432802e+04
  -6.8898683e+00   2.6233881e+00  -7.8243354e-01   4.9185659e+04
  -1.0199397e+01   2.3739713e+00  -7.9716381e-01   3.7116241e+04
  -7.0638008e+00   3.2675184e+00  -1.5000000e+00   2.0734033e+04
  -8.1602237e+00   2.8631079e+00  -7.9497765e-01   4.6691489e+04
