  -4.0000000e+01   2.6368165e+00  -7.9458981e-01   4.4111791e+04
  -8.1087250e+00   2.6534738e+00  -7.9996788e-01   4.7281963e+04
  -8.9147235e+00   2.4465266e+00  -9.8771097e-01   4.2597819e+04
  -8.0838026e+00   2.6732709e+00  -7.7750611e-01   4.7538689e+04
  -8.2748039e+00   2.6122257e+00  -8.2508317e-01   4.6257290e+04
  -9.8250949e+00   2.2130236e+00  -1.0093865e+00   3.7471671e+04
  -8.1811852e+00   2.6177442e+00  -8.3722386e-01   4.6575556e+04
  -8.4527119e+00   2.5846463e+00  -8.6271165e-01   4.5769887e+04
  -7.9562391e+00   2.6806341e+00  -7.9575954e-01   4.8077478e+04
  -2.0431738e+01   1.6627523e+00  -1.3972083e+00   5.0466913e+03
  -6.9799686e+00   2.2857492e+00  -7.2470660e-01   4.3724308e+04
  -2.3092333e+00   3.2518783e+00  -8.0691588e-01   4.8191244e+04
  -7.8218614e+00   2.6825357e+00  -8.9967708e-01   4.7570012e+04
  -8.4128588e+00   2.6345011e+00  -8.2329545e-01   4.6266409e+04
  -7.6113793e+00   2.0302023e+00  -1.1438884e+00   3.8923119e+04
   0.0000000e+00   3.3451486e+00  -1.5000000e+00   2.8077353e+04
  -8.4548995e+00   2.5758364e+00  -8.8203157e-01   4.5150189e+04
  -8.6124837e+00   2.5816460e+00  -8.5935073e-01   4.5277315e+04
  -8.3661133e+00   2.6675564e+00  -7.9923986e-01   4.6635361e+04
  -9.3840780e+00   2.6875986e+00  -9.0016266e-01   4.5367008e+04
  -8.1458955e+00   2.5755655e+00  -8.7626814e-01   4.6245770e+04
  -7.2203786e+00   2.9577136e+00  -6.3460954e-01   5.4328773e+04
  -6.7515467e+00   2.4502988e+00  -8.4009613e-01   4.7554565e+04
  -9.0184821e+00   2.4498220e+00  -9.4046270e-01   4.3220945e+04
   0.0000000e+00   1.0000000e+00  -1.5000000e+00   2.1854417e+04
  -8.1618142e+00   2.6277663e+00  -1.4931117e-01   2.4005972e+04
  -1.0408473e+01   2.6186718e+00  -7.5691045e-01   3.9290916e+04
  -8.2865749e+00   2.6311681e+00  -8.2537727e-01   4.6623940e+04
  -9.8822862e+00   2.4825277e+00  -9.7295718e-01   4.2025171e+04
  -8.2943626e+00   2.6806461e+00  -7.5572802e-01   4.7085075e+04
  -9.0822423e+00   2.5094633e+00  -9.1957795e-01   4.5045891e+04
  -8.2297458e+00   2.6455150e+00  -7.8714089e-01   4.7160574e+04
  -8.2069049e+00   2.6077120e+00  -8.5928583e-01   4.6550967e+04
  -8.4448341e+00   2.4808695e+00  -9.2737383e-01   4.3978072e+04
  -8.1405178e+00   2.6528896e+00  -7.8791556e-01   4.6975948e+04
  -7.9746303e+00   1.0000000e+00  -1.5000000e+00   5.1959385e+04
  -7.4781834e+00   2.6786945e+00  -8.2177762e-01   4.9288234e+04
  -7.8251061e+00   2.7526561e+00  -7.3387647e-01   4.8810007e+04
  -1.1111188e+01   2.7144465e+00  -5.6483495e-01   3.8388477e+04
  -1.0211501e+01   2.3732452e+00  -9.2777038e-01   3.7857980e+04
  -1.2162358e+01   1.9884163e+00  -1.1112232e+00   2.6571439e+04
  -6.9939323e+00   2.8783021e+00  -6.3489366e-01   5.2968786e+04
  -7.7452051e+00   2.7004846e+00  -7.8205245e-01   4.8911632e+04
  -7.1941395e-02   2.7952245e+00  -7.1692016e-01   5.6464616e+04
  -5.4542910e+00   2.4873526e+00  -8.5274476e-01   4.3757431e+04
   0.0000000e+00   1.0000000e+00  -8.3409020e-01   4.6998963e+04
  -9.2256472e+00   3.0702144e+00  -8.8041153e-01   4.6922379e+04
  -8.1234693e+00   2.6565243e+00  -7.9162113e-01   4.7233898e+04
  -6.7347334e+00   2.9366641e+00  -5.9605464e-01   5.0591115e+04
  -8.7869936e+00   2.4794455e+00  -9.4142696e-01   4.3018065e+04
   0.0000000e+00   3.7357256e+00  -1.3417769e+00   3.0834077e+04
  -8.2702217e+00   2.6505031e+00  -8.1743328e-01   4.6937545e+04
  -8.1717596e+00   2.6542593e+00  -7.8325636e-01   4.7003282e+04
  -4.0000000e+01   5.5000000e+00  -1.0000000e-01   4.9112665e+04
  -9.5086490e+00   2.2701376e+00  -8.8726801e-01   4.0706111e+04
  -8.2321175e+00   2.6516182e+00  -7.9968307e-01   4.6910842e+04
  -2.9225191e+01   2.5748261e+00  -4.0189251e-01   4.7220405e+04
  -8.2541135e+00   2.6355068e+00  -8.2150802e-01   4.6687268e+04
  -8.3217671e+00   2.6344799e+00  -8.0909725e-01   4.6456834e+04
  -8.3430812e+00   2.6177639e+00  -7.9622395e-01   4.6147851e+04
  -8.3346325e+00   2.6439317e+00  -8.3673492e-01   4.7574652e+04
  -7.7986089e+00   2.7167514e+00  -7.7985260e-01   4.8968482e+04
  -5.8675211e+00   2.8028934e+00  -7.3184146e-01   5.3182949e+04
  -1.4504328e+01   2.2277971e+00  -1.0967194e+00   7.0000000e+04
  -8.8394152e+00   2.6196499e+00  -8.2341398e-01   4.5584275e+04
  -7.6935580e+00   2.7383118e+00  -7.2962216e-01   4.9722580e+04
  -8.1328056e+00   2.6603238e+00  -7.9773728e-01   4.7278106e+04
  -8.2301943e+00   2.6369467e+00  -8.1533153e-01   4.6749601e+04
  -8.2061841e+00   2.6013979e+00  -8.4721674e-01   4.6342159e+04
  -5.6946710e+00   2.1281548e+00  -7.0680290e-01   5.1664673e+04
  -8.5285038e+00   2.5423186e+00  -8.4686192e-01   4.6992221e+04
  -6.7041354e+00   2.9794338e+00  -3.5244571e-01   5.3661048e+04
  -7.9711175e+00   2.7115203e+00  -7.2261876e-01   4.8883259e+04
  -8.3063334e+00   2.6363181e+00  -8.8089100e-01   4.6953017e+04
  -8.4783009e+00   2.5508764e+00  -9.3272542e-01   4.5525571e+04
  -8.0645577e+00   2.6529015e+00  -8.1322961e-01   4.7488140e+04
  -8.3712412e+00   2.5587325e+00  -8.2513167e-01   4.5702767e+04
  -4.0000000e+01   2.0809085e+00  -8.8393711e-01   1.6530696e+04
  -8.2884449e+00   2.5787804e+00  -9.6633006e-01   4.6439663e+04
  -8.6352737e+00   2.5742451e+00  -8.9954922e-01   4.5674811e+04
  -8.4197771e+00   2.6073766e+00  -8.4460403e-01   4.6045645e+04
  -7.3063272e+00   2.4890437e+00  -9.0501279e-01   4.3046161e+04
  -8.1126881e+00   2.6748220e+00  -7.7971201e-01   4.7478831e+04
  -8.6650504e+00   2.4073589e+00  -1.0689027e+00   4.3226809e+04
  -8.2702280e+00   2.6239390e+00  -8.2639473e-01   4.6570718e+04
  -1.0196940e+01   2.3533809e+00  -1.0089824e+00   3.8013933e+04
  -8.7734023e+00   2.5027429e+00  -8.8929819e-01   4.3566109e+04
  -1.0110385e+01   2.3148111e+00  -4.4140476e-01   4.1037321e+04
  -8.1225196e+00   3.1250389e+00  -8.9988477e-01   2.4173816e+04
  -4.9637811e+00   3.1530907e+00  -6.5633446e-01   6.0974690e+04
  -4.0000000e+01   5.5000000e+00  -1.0000000e-01   4.8174197e+04
  -1.3527165e+01   2.4604144e+00  -1.0757778e+00   3.7495518e+04
  -1.0386561e+00   3.9111554e+00  -5.4248248e-01   2.1987574e+04
  -7.6524726e+00   2.7544909e+00  -7.2283816e-01   4.9752506e+04
  -8.0543358e+00   2.6227769e+00  -8.2424321e-01   4.6983147e+04
  -7.0515396e+00   3.0651990e+00  -1.0000000e-01   4.5749722e+04
  -5.7660637e+00   2.9587803e+00  -5.7157630e-01   4.2314681e+04
  -8.5162059e+00   2.4909435e+00  -9.7669259e-01   4.4087282e+04
  -7.9259124e+00   2.5658055e+00  -9.9455241e-01   4.7616139e+04
  -4.0000000e+01   5.0307198e+00  -1.1139844e+00   0.0000000e+00
  -8.2955207e+00   2.5960679e+00  -8.4956272e-01   4.6112134e+04
  -8.2803990e+00   2.6179846e+00  -8.5325316e-01   4.6395859e+04
  -7.3090945e+00   1.5761006e+00  -6.1795408e-01   5.3098660e+04
  -7.6590822e+00   2.6525413e+00  -7.8142434e-01   4.7899163e+04
  -8.2889718e+00   2.6159850e+00  -8.4096425e-01   4.6435835e+04
  -8.2160689e+00   2.5138593e+00  -8.6140956e-01   4.4998205e+04
  -7.8111457e+00   2.7599178e+00  -1.0000000e-01   4.8626198e+04
  -8.8690185e+00   2.6197844e+00  -8.4529515e-01   4.7004651e+04
  -8.2400300e+00   2.6043642e+00  -8.1326626e-01   4.6379557e+04
  -7.9780502e+00   2.6750401e+00  -7.9850169e-01   4.7947576e+04
  -8.2470378e+00   2.6171747e+00  -8.3279629e-01   4.6445976e+04
  -8.0893371e+00   2.6841113e+00  -8.5584488e-01   4.7889336e+04
  -8.4019003e+00   2.6504845e+00  -8.0289160e-01   4.6520117e+04
  -7.4704138e+00   2.7906479e+00  -6.9966419e-01   5.1321402e+04
  -8.2380847e+00   2.6441321e+00  -8.1058415e-01   4.6817702e+04
  -8.0707591e+00   2.6179255e+00  -8.2105272e-01   4.6607264e+04
  -1.0393445e+01   1.0000000e+00  -9.9638041e-01   3.8199689e+04
  -8.3370185e+00   2.6225443e+00  -8.1820280e-01   4.6251074e+04
  -1.3146019e+01   1.6414515e+00  -8.2569019e-01   2.2908227e+04
  -8.4518419e+00   2.5233889e+00  -8.7139703e-01   4.4667440e+04
  -7.9717385e+00   2.6526710e+00  -7.9051528e-01   4.6574077e+04
  -9.1734388e+00   2.4742726e+00  -8.1680704e-01   4.1509986e+04
  -8.2654070e+00   2.6309888e+00  -8.2919880e-01   4.6638901e+04
  -8.8413857e+00   2.5625267e+00  -8.8991277e-01   4.4369259e+04
  -7.7075169e+00   2.7584488e+00  -7.5109628e-01   4.9140892e+04
  -1.2608562e+01   1.3801750e+00  -1.0848120e+00   3.0029799e+04
  -8.3509601e+00   2.2426218e+00  -1.1007206e+00   4.0492697e+04
  -1.1311679e+01   2.2683584e+00  -1.0061323e+00   3.3650130e+04
  -8.5899048e+00   2.5085092e+00  -8.9896153e-01   4.4110322e+04
  -9.0788411e+00   2.4787393e+00  -9.5317903e-01   4.2955243e+04
  -8.2667235e+00   2.6556217e+00  -7.9100025e-01   4.6840477e+04
  -2.1779115e-01   4.8732132e+00  -5.5225955e-01   7.0000000e+04
  -8.4426921e+00   2.5277879e+00  -8.9573694e-01   4.4832045e+04
  -6.8730950e+00   2.5906677e+00  -7.8678713e-01   4.8780347e+04
  -9.6531428e+00   2.2877990e+00  -1.1734442e+00   3.9735748e+04
  -7.2675602e+00   2.8102990e+00  -7.0160912e-01   5.1350446e+04
  -8.3463658e+00   2.6436802e+00  -8.1105983e-01   4.6556752e+04
  -8.7634892e+00   2.5030072e+00  -9.2567773e-01   4.4332547e+04
  -8.4795758e+00   2.6521543e+00  -7.8131255e-01   4.6243200e+04
  -8.7330762e+00   2.5633220e+00  -8.7396406e-01   4.4311387e+04
  -8.6199718e+00   2.6494651e+00  -7.4392185e-01   4.5722842e+04
  -8.5442565e+00   2.4445897e+00  -8.9036672e-01   4.5181024e+04
  -8.4258577e+00   2.6318918e+00  -8.1007896e-01   4.6241114e+04
  -1.0949923e+01   2.2647109e+00  -1.1367038e+00   3.5807888e+04
  -8.6767969e+00   3.6496926e+00  -4.8410150e-01   7.0000000e+04
  -2.7371700e+01   1.5214776e+00  -1.3333533e+00   2.2674330e+04
  -7.8510825e+00   2.7183814e+00  -7.7027197e-01   4.8856161e+04
  -8.3091824e+00   2.5813548e+00  -8.5976247e-01   4.5711190e+04
   0.0000000e+00   1.0000000e+00  -1.5000000e+00   5.9657419e+04
  -8.1375304e+00   2.6465185e+00  -8.1096364e-01   4.7105444e+04
  -8.1590149e+00   2.6282607e+00  -8.1287893e-01   4.7055284e+04
  -9.4079998e+00   2.3645293e+00  -1.0094168e+00   4.2592842e+04
  -7.6412440e+00   2.7420177e+00  -7.1994257e-01   4.9263581e+04
  -8.3927099e+00   2.5195615e+00  -9.1162918e-01   4.4724962e+04
  -7.7789513e+00   2.7733950e+00  -7.0026939e-01   4.9669179e+04
  -8.6547682e+00   2.5173766e+00  -8.8509953e-01   4.4581803e+04
   0.0000000e+00   3.1378182e+00  -1.5000000e+00   6.1751124e+04
  -7.9079777e+00   2.6885511e+00  -7.8359042e-01   4.8243490e+04
  -8.2121622e+00   2.6151285e+00  -8.5290095e-01   4.6626028e+04
  -9.4292321e+00   2.3972918e+00  -8.8278697e-01   3.8454656e+04
  -6.9981131e+00   2.9019045e+00  -6.7899291e-01   5.0953474e+04
  -1.1967878e+01   3.2387583e+00  -1.7582743e-01   4.4632152e+04
  -8.5194133e+00   2.5800424e+00  -9.5214676e-01   4.6405418e+04
  -7.5817978e+00   2.6598836e+00  -7.7904346e-01   5.0318153e+04
  -7.9501873e+00   2.6996887e+00  -7.6558155e-01   4.8296762e+04
  -8.1342058e+00   2.6676374e+00  -7.7817720e-01   4.7334785e+04
  -8.4866270e+00   2.5828256e+00  -8.6064227e-01   4.5351313e+04
  -8.0729956e+00   2.7558510e+00  -7.0813219e-01   4.8832930e+04
  -7.8778188e+00   2.6286901e+00  -8.3908398e-01   4.7559726e+04
  -7.7453718e+00   2.7198876e+00  -6.7186499e-01   4.7988337e+04
  -6.8470068e+00   2.7524108e+00  -7.0844921e-01   4.8766157e+04
  -6.5459924e+00   2.9422998e+00  -1.5000000e+00   5.5906163e+04
  -8.3864326e+00   2.5689445e+00  -8.9106864e-01   4.5729755e+04
  -9.0114937e+00   2.5202002e+00  -8.7157959e-01   4.5694159e+04
  -1.0986035e+01   2.5583133e+00  -1.5000000e+00   4.1950857e+04
  -8.8229419e+00   2.4377635e+00  -9.5333552e-01   4.2255370e+04
  -3.4134111e+01   2.2846630e+00  -1.5000000e+00   3.8091220e+04
  -8.3332259e+00   2.7165473e+00  -1.5000000e+00   4.7026219e+04
  -8.1571719e+00   2.5364332e+00  -8.2421614e-01   4.5906747e+04
  -8.2615836e+00   2.6272257e+00  -8.2605335e-01   4.6569433e+04
  -9.9694636e+00   2.5877799e+00  -8.0751962e-01   4.4786327e+04
  -8.3585961e+00   2.6716321e+00  -7.5940286e-01   4.6729773e+04
  -8.1295138e+00   2.6606271e+00  -7.9044495e-01   4.7246320e+04
  -9.1844422e+00   2.5493031e+00  -8.8606200e-01   4.3477817e+04
  -9.9070934e+00   2.9693651e+00  -6.8334411e-01   4.0611223e+04
  -5.8665748e+00   2.7707224e+00  -8.4561924e-01   4.9525492e+04
  -1.0583983e+01   2.7839836e+00  -6.6923082e-01   5.3727187e+04
   0.0000000e+00   2.5644425e+00  -9.5010397e-01   5.1983495e+04
  -1.0183322e+01   2.3468265e+00  -1.0796833e+00   4.4020559e+04
  -8.5991328e+00   2.5934805e+00  -8.4131598e-01   4.5169222e+04
  -7.8980368e+00   2.6935721e+00  -7.9680636e-01   4.8495978e+04
  -8.7729755e+00   2.4516342e+00  -9.3502922e-01   4.3298842e+04
  -5.2811706e+00   2.0591525e+00  -7.1356852e-01   5.9555544e+04
  -8.4175714e+00   2.6229669e+00  -8.3942321e-01   4.6559172e+04
  -1.0847188e+01   2.7263135e+00  -6.8552176e-01   4.4052635e+04
  -2.3272834e+01   5.5000000e+00  -1.0000000e-01   4.8869887e+04
  -6.8322940e+00   2.5914548e+00  -8.1421516e-01   4.8923010e+04
  -6.3099415e+00   2.7528108e+00  -8.0633295e-01   5.7458765e+04
  -1.0541172e+01   1.9161318e+00  -1.4040683e+00   3.1155423e+04
  -8.1408185e+00   2.7792073e+00  -9.6486488e-01   4.4396265e+04
