  -4.0000000e+01   2.9713088e+00  -5.3155276e-01   2.6063116e+04
  -1.1576268e+01   2.1035059e+00  -1.2361712e+00   3.5187197e+04
  -1.0716212e+01   2.3221620e+00  -1.3432538e+00   4.0209091e+04
  -1.0469025e+01   1.9886442e+00  -1.2204189e+00   3.0214458e+04
  -1.1968025e+01   2.1084914e+00  -9.2712311e-01   2.8477670e+04
  -6.4734848e-01   3.2660317e+00  -1.5000000e+00   5.9126214e+04
  -1.1243193e+01   2.9558133e+00  -7.8847333e-01   3.1560348e+04
  -4.9028078e+00   3.3149940e+00  -4.6837472e-01   5.7492609e+04
  -1.0269782e+01   2.2983827e+00  -1.2650182e+00   3.2899925e+04
  -1.5849268e+01   3.2606153e+00  -1.2133642e+00   4.0762411e+04
  -1.1887550e+01   3.5802468e+00  -1.0005965e+00   5.3635829e+04
   0.0000000e+00   2.5974474e+00  -1.1723726e+00   4.0232145e+04
  -8.2976116e+00   3.0220821e+00  -1.3370829e+00   4.4011498e+04
  -1.0857476e+01   1.6808881e+00  -1.1202354e+00   2.8470207e+04
  -1.6306042e+01   3.3779562e+00  -1.1158162e+00   3.9638961e+04
  -3.6721352e+01   5.5000000e+00  -7.9727128e-01   1.7624238e+04
  -7.0338329e+00   2.2386153e+00  -9.1032451e-01   1.1694417e+04
  -1.0495056e+01   2.6064153e+00  -1.4073765e+00   2.1738060e+04
  -2.4003359e+01   2.5500276e+00  -1.2773438e+00   3.4329526e+04
  -1.0097549e+01   2.5828026e+00  -1.2314633e+00   3.2928223e+04
  -1.1407674e+01   2.1729689e+00  -1.2137816e+00   3.2686082e+04
  -8.3794391e+00   2.2996493e+00  -1.3037533e+00   3.9185798e+04
  -2.0702407e+01   3.3244404e+00  -1.2800603e+00   2.8262418e+04
  -1.1973585e+01   1.9077613e+00  -1.2646004e+00   3.2365504e+04
  -4.0000000e+01   5.5000000e+00  -1.0000000e-01   9.8400985e+03
  -5.9718045e+00   2.0884696e+00  -1.5000000e+00   7.0000000e+04
   0.0000000e+00   2.2098047e+00  -1.5000000e+00   1.0883054e+04
  -1.5486401e+01   2.4587942e+00  -1.2578301e+00   2.1162352e+04
  -2.3682351e+01   3.6718204e+00  -8.6246535e-01   5.2542319e+04
  -1.6847161e+01   1.0000000e+00  -1.3484036e+00   3.3169318e+04
   0.0000000e+00   1.0000000e+00  -1.2624286e+00   3.8869850e+04
  -1.2088444e+01   2.6354603e+00  -1.3996533e+00   4.0944998e+03
  -1.8597369e+01   2.7374532e+00  -1.2671293e+00   4.1101993e+04
  -4.0000000e+01   5.5000000e+00  -1.4495614e+00   2.1734392e+04
  -1.9988269e+01   2.8201461e+00  -1.1119904e+00   3.1775265e+04
  -1.4346818e+01   1.0000000e+00  -1.5000000e+00   0.0000000e+00
  -1.0101812e+01   1.8849163e+00  -1.2053933e+00   3.2030479e+04
  -8.3465173e+00   2.9123620e+00  -1.1193700e+00   3.7294576e+04
  -2.2609526e+01   1.7666864e+00  -1.1859831e+00   6.3319827e+04
  -7.7500224e+00   2.0560688e+00  -1.0520012e+00   2.5129242e+04
  -2.0035244e+01   2.8078656e+00  -1.1214995e+00   4.3515883e+04
  -1.2069828e+01   2.0996338e+00  -1.1608838e+00   3.0303946e+04
  -1.2690942e+01   2.3887353e+00  -1.2847791e+00   3.5781296e+04
  -6.8900112e+00   1.0000000e+00  -1.5000000e+00   0.0000000e+00
  -1.0084910e+00   1.6327807e+00  -1.0656454e+00   1.4577868e+04
   0.0000000e+00   1.0000000e+00  -1.3252052e+00   9.9365639e+03
  -1.8449202e+01   3.2338739e+00  -1.5000000e+00   3.3850373e+04
  -1.0959296e+01   1.2025599e+00  -9.4784499e-01   2.9749942e+04
  -1.2041627e+01   2.0607139e+00  -1.1012990e+00   2.7470691e+04
  -1.8063277e+01   2.0548002e+00  -1.2405939e+00   3.5680142e+04
  -1.8061571e+01   1.4665246e+00  -9.6101880e-01   4.0668614e+04
  -1.1521904e+01   1.9162797e+00  -1.2729444e+00   2.6447361e+04
  -1.3178812e+01   1.5419774e+00  -1.2833949e+00   3.4474596e+04
   0.0000000e+00   1.0000000e+00  -1.5000000e+00   6.3843918e+03
  -6.8399394e+00   3.3025005e+00  -9.6151494e-01   4.0926113e+04
  -8.0671624e+00   1.6261726e+00  -1.0632566e+00   2.9712324e+04
   0.0000000e+00   1.7500445e+00  -1.4149830e+00   3.2551020e+04
  -1.0238005e+01   2.0616591e+00  -1.4422120e+00   3.7222195e+04
  -1.0936010e+01   2.2131578e+00  -1.3019842e+00   3.8246481e+04
  -1.5832911e+01   2.2769168e+00  -9.6330569e-01   5.9139726e+03
  -9.6617024e+00   2.3496575e+00  -1.2807029e+00   3.1019648e+04
  -1.1464178e+01   1.8240103e+00  -1.3459103e+00   2.6225148e+04
  -2.2559365e+01   2.6783654e+00  -1.0260385e+00   3.3648502e+04
  -1.4912515e+01   3.6250439e+00  -4.4819340e-01   5.9271421e+04
  -6.5311256e+00   2.0685579e+00  -1.4031635e+00   3.6110811e+04
  -1.1143887e+01   1.0000000e+00  -1.2508565e+00   2.9394238e+04
  -7.3223135e+00   2.2672155e+00  -5.7826771e-01   5.3421113e+04
  -1.1651099e+01   2.6002389e+00  -1.3706209e+00   4.0097472e+04
  -1.2870913e+01   2.1656727e+00  -1.2003423e+00   3.1273163e+04
   0.0000000e+00   1.0000000e+00  -1.3499170e+00   3.6095364e+04
  -7.2776902e+00   4.1263729e+00  -5.8666164e-01   1.1542222e+04
  -1.8552510e+01   3.0072282e+00  -1.2549509e+00   3.8736983e+04
  -2.3552470e+01   1.0000000e+00  -1.5000000e+00   5.0200459e+04
  -1.0368970e+01   2.7293219e+00  -1.2811240e+00   4.6243380e+04
  -2.0193050e+01   2.2753663e+00  -1.3880047e+00   4.0682132e+04
  -1.1046381e+01   1.7015274e+00  -1.2113346e+00   3.2487223e+04
  -1.1276215e+01   1.1021708e+00  -1.1137642e+00   2.3843266e+04
  -3.6475059e+01   4.6283667e+00  -7.8016215e-01   7.0000000e+04
  -1.7297766e+01   2.6306914e+00  -9.8304962e-01   3.6792861e+04
  -2.4389024e+01   2.9520972e+00  -6.9890968e-01   4.4521649e+04
  -1.7592182e+01   2.1314001e+00  -1.2551705e+00   3.7774246e+04
  -2.1269666e+01   1.9428765e+00  -1.0425424e+00   3.1103230e+04
  -1.1329798e+01   2.3705309e+00  -1.3515698e+00   4.2220661e+04
  -2.0879510e+01   1.5630734e+00  -7.0155493e-01   5.8457371e+04
  -1.5027983e+01   2.7412688e+00  -9.8685763e-01   4.8425481e+04
  -1.2409591e+01   2.1453668e+00  -1.1251467e+00   2.9915551e+04
  -1.0371515e+01   2.3158202e+00  -1.2393129e+00   3.4539437e+04
  -3.8865282e+01   2.8064814e+00  -1.3201073e+00   1.3360873e+04
  -1.0404150e+01   1.0000000e+00  -1.0460873e+00   2.8653672e+04
  -9.6487748e+00   1.8732165e+00  -1.3308383e+00   3.8806757e+04
   0.0000000e+00   1.0000000e+00  -1.5000000e+00   2.5519927e+04
  -3.9371037e+01   3.5095965e+00  -1.2573802e+00   3.9793241e+04
  -3.7215823e+00   3.2214159e+00  -9.8070197e-01   1.4598997e+04
  -1.1593550e+01   2.0802827e+00  -1.1796725e+00   3.1346019e+04
  -1.2983790e+01   2.3579187e+00  -1.3586928e+00   3.6661112e+04
  -9.2717837e+00   2.8282704e+00  -1.1140835e+00   2.7591868e+04
  -8.0645978e+00   2.4308673e+00  -1.1165604e+00   3.0476485e+04
  -1.9544393e+01   1.7508091e+00  -7.0272784e-01   4.7941893e+04
  -9.0590400e+00   1.8942083e+00  -1.1612328e+00   2.9158643e+04
   0.0000000e+00   1.0000000e+00  -1.2484245e+00   3.4592546e+04
  -3.4407360e+00   2.2799308e+00  -5.9468261e-01   6.3990373e+04
  -8.6978280e+00   2.6903221e+00  -1.1729192e+00   4.4518667e+04
  -1.1466006e+01   2.7586236e+00  -1.3116745e+00   3.1265705e+04
  -1.6254330e+01   2.2687914e+00  -1.0662493e+00   3.0448278e+04
  -1.4751322e+01   2.2867746e+00  -1.2841892e+00   4.4154163e+04
  -1.6649123e+01   3.5312624e+00  -4.7751554e-01   4.1012008e+04
  -1.3370326e+01   2.0121699e+00  -9.2057966e-01   3.4959597e+04
  -3.2050818e+01   2.9159553e+00  -1.0738207e+00   6.9584151e+04
  -4.7468896e-01   3.4258101e+00  -2.3418370e-01   3.4700911e+04
  -1.1684667e+01   2.1485828e+00  -1.1944964e+00   3.1656456e+04
  -1.2240129e+01   2.2576411e+00  -1.2326132e+00   4.7588964e+04
  -1.0755723e+01   1.0434292e+00  -2.8539436e-01   7.0000000e+04
  -1.3111340e+01   2.0724567e+00  -1.2210015e+00   2.1818635e+04
  -1.7301589e+01   2.2480799e+00  -1.1953565e+00   3.8528201e+04
  -9.3541585e+00   1.9533960e+00  -1.1695067e+00   3.5111957e+04
  -1.2547902e+01   2.3688602e+00  -1.3569263e+00   1.8229511e+04
  -1.2330754e+01   1.3442315e+00  -1.0357147e+00   3.1509395e+04
  -1.2033040e+01   2.1700046e+00  -1.1360899e+00   2.9690029e+04
   0.0000000e+00   5.5000000e+00  -8.3503613e-01   5.9055769e+04
  -9.4226598e+00   1.0000000e+00  -1.1675368e+00   3.4995023e+04
  -2.0958959e+01   2.3650247e+00  -8.7729036e-01   4.9174512e+04
  -2.0789688e+00   2.0348624e+00  -1.5000000e+00   2.4293525e+04
  -1.3293086e+01   1.9590333e+00  -1.0813223e+00   2.6418629e+04
  -2.1691137e+01   2.4001077e+00  -7.1702993e-01   3.9906289e+04
  -1.5302529e+01   1.2337339e+00  -7.0547796e-01   5.2771128e+04
  -9.3494801e+00   2.8315016e+00  -1.0721040e+00   3.7655674e+04
  -3.1357600e+01   2.9995457e+00  -3.4789035e-01   6.1448464e+03
  -1.3404678e+01   1.5234113e+00  -7.0072012e-01   3.3919556e+04
  -1.1856255e+01   2.1017038e+00  -1.2165854e+00   3.0974201e+04
  -1.4111448e+01   2.0964488e+00  -1.2493733e+00   3.8152402e+04
  -1.0987270e+01   2.0466882e+00  -1.1637087e+00   3.5484047e+04
  -1.0341306e+01   2.3029345e+00  -1.2576725e+00   3.6890937e+04
  -1.1872497e+01   2.1222249e+00  -1.1809698e+00   3.1554228e+04
  -1.8022639e+01   2.8673126e+00  -1.2674832e+00   3.0114481e+04
  -1.8277694e+01   1.9543992e+00  -8.2915403e-01   3.0045558e+04
  -1.1579606e+01   1.5553518e+00  -1.3043300e+00   2.8239180e+04
  -1.1528484e+01   1.9018906e+00  -1.0498728e+00   2.6751638e+04
  -6.8282371e+00   2.5566299e+00  -1.1654214e+00   3.7228139e+04
  -2.0252258e+01   4.1027369e+00  -6.7702423e-01   5.2047451e+04
  -1.0692527e+01   1.5368344e+00  -1.2854960e+00   3.2319593e+04
  -5.7197224e+00   2.2300274e+00  -9.3395986e-01   4.5439821e+04
  -3.5275764e+01   3.0335490e+00  -3.7023459e-01   6.6760309e+04
  -1.5311080e+01   2.8911757e+00  -1.3053217e+00   4.4550430e+04
  -8.6254216e+00   2.4478293e+00  -1.2910744e+00   3.9059911e+04
  -9.4240665e+00   3.2169009e+00  -1.4169374e+00   2.1984070e+04
  -8.9865364e+00   2.2789564e+00  -1.0400057e+00   2.9471767e+04
  -6.1960466e+00   1.0027897e+00  -1.3361797e+00   2.7275555e+04
  -3.7597065e+01   1.6036472e+00  -1.2991765e+00   7.0000000e+04
  -7.5299769e+00   1.6052577e+00  -1.4539704e+00   2.9223531e+04
  -1.4423278e+01   2.4203184e+00  -1.0294564e+00   2.2751319e+04
  -1.2561069e+01   2.1746739e+00  -1.1255574e+00   2.9433406e+04
   0.0000000e+00   1.6444961e+00  -1.2615869e+00   0.0000000e+00
  -2.3478743e+01   3.0672444e+00  -1.7680144e-01   6.6304682e+04
  -1.4202781e+01   2.6454862e+00  -1.3837976e+00   4.0520675e+04
  -1.2297021e+01   2.1006632e+00  -1.1566720e+00   2.9543487e+04
  -1.2975328e+01   2.0652790e+00  -1.5000000e+00   4.3170137e+04
  -8.6122203e+00   2.3977850e+00  -1.3564383e+00   3.8985639e+04
  -9.3898414e+00   1.9104137e+00  -1.2882953e+00   3.2063519e+04
  -2.1130757e+01   3.6905089e+00  -1.4183497e+00   3.4977959e+04
  -1.3410507e+01   1.9912375e+00  -1.1073720e+00   2.7323735e+04
  -1.5550445e+00   4.9855076e+00  -1.0000000e-01   3.2860194e+04
  -2.6375279e+00   1.6992591e+00  -1.5000000e+00   2.6972112e+04
  -2.4434148e+01   2.4403098e+00  -9.4561158e-01   3.2432178e+04
  -1.0563775e+01   2.2538271e+00  -1.3114626e+00   3.6022646e+04
  -1.3467781e+01   2.0700245e+00  -1.2300693e+00   2.9102643e+04
  -1.0145831e+01   1.0213941e+00  -1.5000000e+00   2.5498717e+04
  -1.0552618e+01   2.1092346e+00  -1.0902028e+00   3.7108695e+04
  -1.2679288e+00   2.6317104e+00  -3.4106090e-01   1.7661041e+04
  -1.1140007e+01   1.9535195e+00  -1.2104722e+00   2.7267386e+04
  -3.9853104e+00   1.7465831e+00  -7.1027075e-01   2.2446293e+04
  -2.4053837e+01   1.6041207e+00  -1.0865155e+00   3.8572430e+04
  -7.9371256e+00   2.3210873e+00  -1.1725022e+00   2.2412912e+04
  -1.1738773e+01   2.1215143e+00  -1.0827641e+00   2.5585554e+04
   0.0000000e+00   4.4071767e+00  -1.5000000e+00   1.3405563e+04
  -4.0000000e+01   1.5765026e+00  -1.5000000e+00   0.0000000e+00
  -7.1606975e+00   1.6775330e+00  -1.2451955e+00   4.9294210e+04
  -4.0000000e+01   2.0940755e+00  -3.4323640e-01   5.2775123e+04
  -1.1265975e+01   2.2510803e+00  -1.3519426e+00   3.3691789e+04
  -8.7871155e+00   3.4756868e+00  -8.8431723e-01   4.8052121e+04
  -1.5475283e+01   3.1482310e+00  -1.1460992e+00   4.5299970e+04
  -8.8273877e+00   2.1087739e+00  -9.0455859e-01   2.6910131e+04
  -1.0764033e+01   2.1449162e+00  -1.2654463e+00   3.3913305e+04
  -1.2921852e+01   2.4433230e+00  -1.1556090e+00   4.0440575e+04
  -1.8590288e+01   2.7281340e+00  -1.0296202e+00   3.8826638e+04
  -2.1091847e+00   1.5901470e+00  -1.1485997e+00   6.9813843e+04
  -1.0804616e+01   2.0949739e+00  -1.2979019e+00   2.9166057e+04
  -2.0383685e+01   2.8827164e+00  -4.5228278e-01   6.8900585e+04
  -2.2579999e+01   2.6194051e+00  -8.9790501e-01   3.6506605e+04
  -4.5869400e+00   2.6760838e+00  -9.6853823e-01   2.6457775e+04
  -2.0611069e+01   1.9943244e+00  -9.7681626e-01   1.4714221e+04
  -1.0661663e+01   2.1281998e+00  -1.2887307e+00   3.2537396e+04
  -1.0001935e+01   1.0000000e+00  -1.5000000e+00   3.6066211e+04
  -1.8618666e+01   2.7614881e+00  -1.4290303e+00   3.6220963e+04
  -9.4126453e+00   2.0209443e+00  -1.2511503e+00   3.1868550e+04
  -8.5422930e+00   2.0401826e+00  -1.3548403e+00   3.5067802e+04
  -1.5414255e+01   1.0000000e+00  -1.3271589e+00   3.4939336e+04
  -1.3012443e+01   2.2707213e+00  -1.1374984e+00   3.1553072e+04
  -1.5032704e+01   2.9198772e+00  -6.3647374e-01   1.5942519e+04
  -3.2897866e+01   1.8694677e+00  -5.9361895e-01   4.0961534e+04
  -7.6428209e+00   2.7224558e+00  -1.2608316e+00   4.1582231e+04
