  -3.4088076e+01   2.4859471e+00  -7.2013815e-01   2.4117189e+04
  -1.0536113e+01   2.2023917e+00  -1.2606033e+00   3.5684334e+04
  -8.9491585e+00   2.1958163e+00  -1.2891509e+00   3.8650826e+04
  -1.0065519e+01   2.1967848e+00  -1.2091703e+00   3.6789537e+04
  -9.1533173e+00   2.2581751e+00  -1.4765857e+00   4.1835383e+04
  -8.6721415e+00   2.2936009e+00  -1.2806068e+00   4.0524222e+04
  -9.7839469e+00   2.1164785e+00  -1.3386726e+00   3.9236289e+04
  -1.0011143e+01   2.2601281e+00  -1.0762126e+00   3.7305190e+04
  -1.2294807e+01   2.1122193e+00  -1.0636380e+00   2.8462809e+04
  -9.6091033e+00   2.6614958e+00  -1.2069741e+00   3.4450826e+04
  -1.1659055e+01   3.3193117e+00  -1.0023969e+00   5.0268261e+04
  -3.6797039e+01   3.3751231e+00  -8.3235522e-01   4.6613079e+04
  -9.3055538e+00   2.8561083e+00  -1.2656948e+00   3.9274234e+04
  -1.0800059e+01   2.2183927e+00  -1.1901848e+00   3.4759394e+04
  -1.6177436e+01   1.4238419e+00  -1.0539608e+00   3.7084892e+04
  -6.8406172e+00   1.9536339e+00  -1.2754925e+00   3.1451610e+04
  -9.6663317e+00   2.2164896e+00  -1.2804553e+00   3.8632908e+04
  -1.0146324e+01   2.2355610e+00  -1.3219885e+00   3.4629143e+04
  -1.4434395e+01   3.1505877e+00  -1.2414997e+00   4.4914827e+04
  -9.8932810e+00   2.2579517e+00  -1.2502624e+00   3.6973474e+04
  -9.7821378e+00   2.2083113e+00  -1.2494775e+00   3.7815478e+04
  -9.5790713e+00   2.2036222e+00  -1.2454797e+00   3.7931913e+04
  -2.3313307e+01   3.2466048e+00  -1.4622495e+00   7.0000000e+04
  -1.0464349e+01   2.0907765e+00  -1.2494043e+00   3.6078224e+04
   0.0000000e+00   1.0000000e+00  -1.5000000e+00   3.0905998e+04
  -2.7197201e+00   2.3528613e+00  -1.5000000e+00   2.3065954e+04
  -1.1766823e+01   2.2680461e+00  -1.0194272e+00   0.0000000e+00
  -9.5975728e+00   2.2209875e+00  -1.2007166e+00   3.8565078e+04
  -5.0340227e+00   1.6453151e+00  -1.3618897e+00   3.0566187e+04
  -1.1072540e+01   2.1272259e+00  -1.1476713e+00   3.3335758e+04
  -4.0000000e+01   5.5000000e+00  -1.0749128e+00   4.3703079e+04
  -1.0805201e+01   2.1559628e+00  -1.2358745e+00   3.5690426e+04
  -9.7549439e+00   2.1924399e+00  -1.2233500e+00   3.7189865e+04
  -8.3269818e+00   2.2329795e+00  -1.2190902e+00   4.6677410e+04
  -1.5703266e+01   2.5236789e+00  -1.1677575e+00   3.3304423e+04
  -9.0711205e+00   3.4052096e+00  -6.7199238e-01   4.8749833e+04
  -7.3699545e+00   1.7565319e+00  -8.6706845e-01   3.7441607e+04
  -6.8885950e+00   3.2472283e+00  -1.0209449e+00   3.9277686e+04
  -2.8985857e+01   1.4826864e+00  -1.1421204e+00   4.0050086e+04
  -1.0361584e+01   2.0805939e+00  -9.7688832e-01   2.4668280e+04
  -1.6056150e+01   2.6105997e+00  -1.0588809e+00   4.1318560e+04
  -1.1279661e+01   2.3587252e+00  -1.3088158e+00   3.3480341e+04
  -9.9835597e+00   2.2121626e+00  -1.2556898e+00   3.7431765e+04
  -2.3925246e+01   2.1358392e+00  -1.1551482e+00   2.4979397e+04
  -1.8400089e+01   3.0186886e+00  -1.3638350e+00   4.9331669e+04
  -3.4280848e+01   5.2543912e+00  -1.2426292e+00   0.0000000e+00
  -9.1138332e-02   1.0000000e+00  -5.2712388e-01   4.0223348e+04
  -1.0017898e+01   2.0969894e+00  -1.1821560e+00   3.6463919e+04
  -9.8898999e+00   2.2905349e+00  -1.2186166e+00   3.7088694e+04
  -1.0351228e+01   2.2110790e+00  -1.2975854e+00   3.8459045e+04
  -2.1822201e+01   1.1122229e+00  -7.5473745e-01   4.3181010e+04
  -1.1377888e+01   2.1817222e+00  -1.2078178e+00   3.3316475e+04
  -1.0012986e+01   2.2354301e+00  -1.2604482e+00   3.7246557e+04
  -4.0000000e+01   5.5000000e+00  -2.3335969e-01   4.8058107e+04
  -1.1571763e+01   2.2365037e+00  -1.1323219e+00   3.1225023e+04
  -9.4260549e+00   2.1590659e+00  -1.2417743e+00   3.7762065e+04
  -3.8453571e+01   2.8218626e+00  -9.6467522e-01   3.6834684e+04
  -8.7484463e+00   2.2892674e+00  -1.2929834e+00   4.1845882e+04
  -1.2909472e+01   2.0553359e+00  -1.0596500e+00   2.6075734e+04
  -9.4573908e+00   2.2058462e+00  -1.2645707e+00   3.8069013e+04
  -1.0870292e+01   2.1529938e+00  -1.2078483e+00   3.6413334e+04
  -8.0136617e+00   2.2824521e+00  -1.4325991e+00   4.4190784e+04
  -2.0665591e+01   2.5197584e+00  -1.0870967e+00   3.5778124e+04
  -1.0535395e+01   5.3648339e+00  -1.2348416e-01   7.0000000e+04
  -1.2824521e+01   2.1775080e+00  -1.1080665e+00   3.1772007e+04
  -8.3885865e+00   2.1745840e+00  -1.3564435e+00   4.5357144e+04
  -1.0232950e+01   2.2111734e+00  -1.1896239e+00   3.6799100e+04
  -1.1177168e+01   2.2379759e+00  -1.2242961e+00   3.4646442e+04
  -1.0755306e+01   2.1942100e+00  -1.2342370e+00   3.5030592e+04
  -4.0000000e+01   5.5000000e+00  -1.0399598e+00   3.3067162e+04
  -1.0308202e+01   2.0588238e+00  -1.2520871e+00   3.8331967e+04
  -8.6158181e+00   2.1693309e+00  -1.2673048e+00   3.9390902e+04
  -9.9713736e+00   2.0258995e+00  -1.2513778e+00   3.8142900e+04
  -1.0994926e+01   2.5283617e+00  -1.1994768e+00   4.0349724e+04
  -9.1308514e+00   2.2452379e+00  -1.2964981e+00   3.9987507e+04
  -1.0249493e+01   2.0818948e+00  -1.2889197e+00   3.8433992e+04
  -9.6718860e+00   1.6116128e+00  -1.2204224e+00   3.5576076e+04
  -1.0413470e+01   2.2385094e+00  -1.2236463e+00   3.5039312e+04
  -9.0455381e+00   2.1610142e+00  -1.2748371e+00   3.7807046e+04
  -6.4217781e+00   2.0866753e+00  -1.3626817e+00   3.6293096e+04
  -1.1914030e+01   2.1810315e+00  -1.2411716e+00   3.5887974e+04
  -1.2618874e+01   2.1480738e+00  -1.1974605e+00   3.6188032e+04
  -1.0605855e+01   2.1924657e+00  -1.1680918e+00   3.4505298e+04
  -5.0445442e+00   2.5243814e+00  -1.5000000e+00   3.5145649e+04
  -1.3268345e+01   2.1674994e+00  -1.0301705e+00   3.0586355e+04
  -1.3685280e+01   2.2365075e+00  -9.5099277e-01   2.8128355e+04
  -1.0860644e+01   2.1315116e+00  -1.2198568e+00   3.5444986e+04
  -6.5797824e+00   2.3056995e+00  -1.1970211e+00   3.8713762e+04
  -8.9875912e+00   4.0912682e+00  -9.8474424e-01   3.1480953e+04
  -9.3949091e+00   1.9156352e+00  -1.2690207e+00   3.9596683e+04
  -4.0000000e+01   5.5000000e+00  -1.0000000e-01   4.6300324e+04
  -1.5944663e+01   2.3756945e+00  -1.1994040e+00   3.4494781e+04
  -6.0863923e+00   2.9545391e+00  -8.9599445e-01   1.5413057e+04
  -1.4537443e+01   2.1251085e+00  -9.8383418e-01   2.1916957e+04
  -9.7940056e+00   2.2116162e+00  -1.2602751e+00   3.8042329e+04
  -1.1068124e+01   1.5148103e+00  -1.5000000e+00   4.8806734e+04
  -4.4228898e-01   3.0772863e+00  -5.5230947e-01   1.2138469e+04
  -1.1915117e+01   2.1045740e+00  -1.1515257e+00   3.9888006e+04
  -1.1215050e+01   2.3424902e+00  -1.2449517e+00   3.8526193e+04
  -4.2448548e+00   1.6368939e+00  -8.4305042e-01   9.1790860e+03
  -1.0148499e+01   2.2008443e+00  -1.2728076e+00   3.6730711e+04
  -9.5899144e+00   2.0697634e+00  -1.3865594e+00   3.8358869e+04
  -1.2593305e+01   4.2501313e+00  -1.3141651e+00   2.2065915e+04
  -1.4094445e+01   2.3248805e+00  -7.6943769e-01   3.5634003e+04
  -9.3662045e+00   2.1986517e+00  -1.2543247e+00   3.7868565e+04
  -1.2855702e+01   2.4188272e+00  -9.8375209e-01   3.2620923e+04
  -9.6651913e+00   2.2198487e+00  -1.2540316e+00   3.7365085e+04
  -2.3421798e+01   2.6202632e+00  -9.3128530e-01   5.3614679e+04
  -8.7925842e+00   2.2934253e+00  -1.2132875e+00   3.8938092e+04
  -9.9488730e+00   2.2092305e+00  -1.2404111e+00   3.7354084e+04
  -1.3524447e+01   2.0211534e+00  -9.9808706e-01   2.5911545e+04
  -1.0900059e+01   2.0717687e+00  -1.0852383e+00   2.8380524e+04
  -1.1192540e+01   2.2038874e+00  -1.1447316e+00   3.4038999e+04
  -1.2687600e+01   2.0661105e+00  -1.0947459e+00   2.8265107e+04
  -1.0120031e+01   2.2140018e+00  -1.2034073e+00   3.6451524e+04
  -9.8745784e+00   2.2440199e+00  -1.3021532e+00   3.5985668e+04
  -9.6958293e+00   3.9769217e+00  -1.3250932e+00   3.8267004e+04
  -8.5264757e+00   2.2871951e+00  -1.3840161e+00   4.3084258e+04
  -1.4271069e+01   1.8485939e+00  -8.6847330e-01   4.6827234e+04
  -8.9748827e+00   2.1324022e+00  -1.1217059e+00   3.4612029e+04
  -1.0875664e+01   2.2767252e+00  -1.2361421e+00   4.3515678e+04
  -1.1507460e+01   2.1984406e+00  -1.1532170e+00   3.6502842e+04
  -9.8011219e+00   2.2128698e+00  -1.2697935e+00   3.7743009e+04
  -1.2612827e+01   2.2047110e+00  -1.1817579e+00   3.5276625e+04
  -1.0128549e+01   2.1728557e+00  -1.2258969e+00   3.7670282e+04
  -1.2994573e+01   2.4126788e+00  -1.3608407e+00   2.9202846e+04
  -3.0009706e+01   2.7727920e+00  -3.1613651e-01   3.7006273e+03
  -1.2407818e+01   2.1275142e+00  -1.1314708e+00   2.8062944e+04
  -9.6214615e+00   2.2278295e+00  -1.2548243e+00   3.8538134e+04
  -1.2028966e+01   2.1361579e+00  -1.2654893e+00   3.8041989e+04
  -9.2972929e+00   2.2077930e+00  -1.2719541e+00   3.9541065e+04
  -1.8290785e+01   1.0000000e+00  -1.5000000e+00   1.5955764e+04
  -1.0902796e+01   2.1718857e+00  -1.1726479e+00   3.4868089e+04
  -9.2235858e+00   2.0438913e+00  -1.2377513e+00   3.6785863e+04
  -1.0419761e+01   2.2052296e+00  -1.2493144e+00   3.7647671e+04
  -1.0502605e+01   2.2182991e+00  -1.2306750e+00   3.5848481e+04
  -9.0647876e+00   2.4139356e+00  -1.3966173e+00   4.4167237e+04
  -1.2575548e+01   1.9913314e+00  -1.2607692e+00   3.5322185e+04
  -8.4617907e+00   2.1918694e+00  -1.3610205e+00   4.1099478e+04
  -9.9324252e+00   2.3189433e+00  -1.2292697e+00   3.7965060e+04
  -9.0795887e+00   2.2157507e+00  -1.2372584e+00   3.9540624e+04
  -9.8203365e+00   1.5247957e+00  -1.2395842e+00   4.0500938e+04
  -1.3326537e+01   2.4400510e+00  -1.3880462e+00   3.6553355e+04
  -9.1198471e+00   2.2867033e+00  -1.2284854e+00   3.8804317e+04
  -1.0441521e+01   2.3377782e+00  -3.7216446e-01   2.7303729e+04
  -2.0999254e+01   1.8170761e+00  -1.2000255e+00   2.8230773e+04
  -1.0198049e+01   1.9715569e+00  -1.1509172e+00   3.2009828e+04
  -1.2545391e+01   2.1476841e+00  -1.2644655e+00   3.8472042e+04
   0.0000000e+00   1.0000000e+00  -1.5000000e+00   3.4982983e+04
  -9.6786890e+00   2.1757440e+00  -1.2283718e+00   3.8278194e+04
  -1.0201866e+01   2.0227014e+00  -1.2084861e+00   3.4874338e+04
  -1.6643702e+01   1.3592056e+00  -1.3104548e+00   3.2944029e+04
  -1.0782280e+01   2.2631434e+00  -9.7562176e-01   3.9318278e+04
  -8.8601820e+00   2.0846535e+00  -1.2119009e+00   3.6387938e+04
  -1.2375185e+01   2.0018119e+00  -1.0680077e+00   2.7062913e+04
  -1.5945395e+01   1.9294910e+00  -9.1210896e-01   2.3475033e+04
   0.0000000e+00   3.2790079e+00  -1.5000000e+00   6.1554686e+04
  -1.1775158e+01   2.2758841e+00  -1.1786869e+00   3.4342521e+04
  -9.3908680e+00   2.1035554e+00  -1.2166235e+00   3.6845023e+04
  -1.7190857e+01   1.8990917e+00  -6.1920697e-01   6.9223628e+03
  -3.4686153e+00   4.5144939e+00  -1.9337749e-01   2.9668162e+04
  -1.6602359e+00   2.0667079e+00  -1.5000000e+00   7.5833952e+02
  -9.6894196e+00   2.2064678e+00  -1.2325034e+00   3.8195180e+04
  -9.0772230e+00   1.7970979e+00  -1.1529586e+00   4.2998458e+04
  -1.3544607e+01   2.0289718e+00  -1.0204363e+00   2.4251917e+04
  -9.2732790e+00   2.1563407e+00  -1.3964295e+00   3.8793299e+04
  -1.0899755e+01   2.1309046e+00  -1.1647819e+00   3.4251871e+04
  -9.9039478e+00   2.2099843e+00  -1.1969942e+00   3.8189609e+04
  -1.1008737e+01   2.1664609e+00  -1.1773401e+00   3.3849760e+04
  -1.1442999e+01   2.3852411e+00  -1.4969375e+00   4.4413547e+04
  -5.8003030e+00   2.3918468e+00  -1.3455049e+00   3.8569368e+04
  -1.1220132e+01   2.1673008e+00  -1.2842234e+00   3.8900317e+04
  -9.6570451e+00   2.2198668e+00  -1.2523069e+00   3.8236830e+04
  -2.5577869e+01   1.3367699e+00  -7.1097261e-01   4.2027454e+04
  -1.2703780e+01   2.7567489e+00  -1.5000000e+00   4.0695256e+04
  -9.4876711e+00   2.1357859e+00  -1.2572029e+00   3.9485292e+04
   0.0000000e+00   2.5905681e+00  -1.5000000e+00   3.6943460e+04
  -1.0970704e+00   1.8726556e+00  -1.5000000e+00   6.8609555e+04
  -8.8803174e+00   2.3844025e+00  -1.0400059e+00   5.1930401e+04
  -1.0671440e+01   2.3792129e+00  -1.2518681e+00   3.9642510e+04
  -1.6023976e+01   2.0374917e+00  -1.2669344e+00   3.1806902e+04
  -1.0566380e+01   2.1722647e+00  -1.1603689e+00   3.4883781e+04
  -9.9072294e+00   2.2138714e+00  -1.2532989e+00   3.7769957e+04
  -9.0334297e+00   2.1377094e+00  -1.2638048e+00   3.7022860e+04
  -1.1619700e+01   2.4242410e+00  -1.3164263e+00   3.0249751e+04
  -2.2251625e+01   1.9548220e+00  -2.1034016e-01   2.9581827e+04
  -1.6272160e+01   2.5338372e+00  -8.0243322e-01   5.1888847e+04
  -1.7845341e+01   2.4391003e+00  -1.0091142e+00   3.5238423e+04
  -1.9444315e+01   1.4187734e+00  -1.0471486e+00   5.1693585e+04
  -9.3590961e+00   2.2052487e+00  -1.2401602e+00   3.8076176e+04
  -9.7880100e+00   2.2115403e+00  -1.2550543e+00   3.7818449e+04
  -9.1037730e+00   2.1232677e+00  -1.1810385e+00   3.8034759e+04
  -1.1080486e+01   1.0000000e+00  -1.2767378e+00   3.8727362e+04
  -1.9232106e+01   2.8339259e+00  -1.1666587e+00   4.1973296e+04
  -1.6042276e+01   2.3995837e+00  -6.1639659e-01   3.0765478e+04
  -8.9946145e+00   5.5000000e+00  -1.0000000e-01   3.6592965e+04
  -1.3474614e+01   2.3040694e+00  -1.1034186e+00   3.1062569e+04
  -6.9885203e+00   1.8089469e+00  -1.5000000e+00   5.1689820e+04
  -1.0294672e+01   2.2312484e+00  -1.2247732e+00   3.8146365e+04
  -6.1294669e-01   4.3365754e+00  -8.1012430e-01   4.8038813e+04
