2.3261254e-01
8.2807527e-01
2.3746681e-01
2.4713212e-01
4.5261263e-01
8.2144496e-01
1.0069000e+02
8.2784832e-01
4.4018247e-01
3.4609886e-01
2.3998962e-01
6.0166607e-01
8.2806927e-01
2.2884543e-01
3.5765501e-01
3.8709800e-01
8.2786034e-01
7.6034354e-01
8.2582045e-01
8.2332572e-01
1.0118000e+02
2.3001318e-01
5.9491760e-01
7.8273919e-01
2.4007195e-01
3.9695917e-01
Inf
2.6242422e-01
7.6928195e-01
3.6665455e-01
2.4292361e-01
6.0351372e-01
7.5949091e-01
2.4770434e-01
8.2747076e-01
Inf
2.2907549e-01
4.7660884e-01
3.5450716e-01
7.6006510e-01
7.7890764e-01
8.2805287e-01
6.7231297e-01
Inf
2.3682500e-01
2.5366500e-01
8.2807273e-01
2.8244861e-01
8.2620909e-01
3.4474467e-01
8.0946831e-01
4.5220667e-01
2.6511210e-01
7.7309908e-01
2.7607435e-01
8.2791563e-01
2.4865992e-01
2.6903056e-01
7.4158135e-01
3.9984278e-01
8.0458930e-01
6.5599798e-01
Inf
2.0430053e+00
7.4660285e-01
Inf
8.0415946e-01
9.6593000e+01
5.9424051e-01
3.7721132e-01
1.0119000e+02
Inf
Inf
Inf
8.2240826e-01
2.2952820e-01
3.2585947e-01
1.7990544e+00
2.7714938e-01
8.1919896e-01
3.1902853e-01
7.9023535e-01
5.3031726e-01
Inf
3.8515561e-01
9.6799317e-01
1.0098700e+02
9.7370000e+01
1.8707426e+00
Inf
8.2801801e-01
1.0116300e+02
5.3914607e-01
2.2905015e-01
1.0119300e+02
1.0119300e+02
6.4122356e-01
2.4382855e-01
6.5797148e-01
8.5767509e-01
7.1602775e-01
5.8415435e-01
3.2402724e-01
8.2793949e-01
6.2271328e-01
2.9254713e-01
1.0085700e+02
2.3580364e-01
5.1223840e-01
7.9809646e-01
8.1629152e-01
3.6541369e-01
7.7542649e-01
1.4016671e+00
6.8961288e-01
8.2692898e-01
1.0119300e+02
2.3239498e-01
7.4067887e-01
7.0982846e-01
5.4425756e-01
8.0480647e-01
1.0098000e+02
5.0955597e-01
2.8128012e-01
Inf
8.2807300e-01
1.0119400e+02
1.0119300e+02
2.4462322e-01
8.2774184e-01
7.5556406e-01
2.7537861e-01
3.2003861e-01
1.0119400e+02
2.2893190e-01
2.5923947e-01
2.3746205e-01
5.0619399e-01
2.8529471e-01
3.7542545e-01
2.7962709e-01
4.5386553e-01
8.2706600e-01
8.2746817e-01
9.1957000e+01
1.0119300e+02
6.5422487e-01
8.0502494e-01
2.6182104e-01
5.4494927e-01
4.9270734e-01
4.4891603e-01
Inf
7.8977231e-01
7.7344536e-01
7.6462605e-01
7.2004844e-01
6.0847687e-01
1.7455380e+00
7.5130269e-01
8.9826470e-01
3.1943783e+00
8.2718170e-01
1.0119300e+02
Inf
8.2714253e-01
8.5666000e+01
Inf
8.2761349e-01
7.2699460e-01
2.3161052e-01
1.0096400e+02
7.9973571e-01
1.0116800e+02
2.3825971e-01
8.4235000e+01
2.8766176e-01
1.0118500e+02
2.9544346e-01
2.5416273e-01
4.6350367e-01
6.2758377e-01
Inf
7.8701788e-01
2.8464055e-01
8.1135104e-01
4.9085484e-01
8.1760270e-01
2.3272551e-01
6.0749672e-01
2.9647669e-01
2.2852383e-01
4.0447032e-01
Inf
2.6014127e-01
2.3005025e-01
9.8873000e+01
Inf
1.0106300e+02
